tree
version=v4
num_class=3
num_tree_per_iteration=3
label_index=0
max_feature_idx=24
objective=multiclass num_class:3
feature_names=rsi_14 macd_line macd_signal macd_hist bb_pct_upper bb_pct_lower atr_pct_14 volatility_regime trend_regime_slope adx_14 cmf_20 volume_sma_ratio corr_btc_eth_20 corr_btc_sol_20 corr_btc_eth_100 corr_btc_sol_100 ratio_btc_eth_norm ratio_btc_sol_norm ratio_btc_bnb_norm btc_funding_rate funding_mom_1 funding_mom_3 funding_spread_eth funding_spread_sol funding_spread_bnb
feature_infos=[1.5217391258020427:92.999999837249362] [-1.8262961020286639:1.5813659749740054] [-1.5015635032351629:1.344698979111469] [-0.46654119822837448:0.60011065775384931] [-0.21069578365482314:1.8270090715357221] [-0.1759882146776556:1.5652437254063825] [0.042060988433154638:0.29545437224149806] [0.0017094017094017094:1] [-0.16744321902731726:0.093321416158147819] [6.0450352359700945:76.099929550308914] [-0.63485184605358058:0.50387457293148008] [0.12920329919303636:6.6332018306654286] [-0.04791877518275562:0.97647569297526249] [0.042635152812800774:0.96447955366595006] [0:0.9226044934386638] [0:0.92553617936029642] [-5.1682792220791889:2.9808540477169427] [-4.1812857659866385:3.3927314755919449] none none none none none none none
tree_sizes=1866 3290 3284 3183 3374 2566

Tree=0
num_leaves=17
num_cat=0
split_feature=15 17 15 8 15 14 16 12 9 9 3 3 7 15 8 17
split_gain=28.5412 23.3229 19.2148 36.5525 35.0028 20.3038 17.9763 15.25 18.2482 15.1551 12.9399 7.38764 6.92945 6.77928 6.12017 1.51429
threshold=0.91168253152928658 -2.0761889136427656 0.73940889487915407 0.017338722563043276 0.69812488992990962 0.82625243416293048 -2.0068843265793301 0.43003749543270908 30.315014399738242 34.865837975650464 -0.21995876630562758 0.18717784034980559 0.30315362683646468 0.81436625258213002 0.023897427075853836 0.048473051810738958
decision_type=2 2 2 2 2 2 2 2 2 2 2 2 2 2 2 2
left_child=1 6 4 11 7 14 -1 12 -9 15 -7 -4 -3 -8 -5 -6
right_child=-2 2 3 5 9 10 13 8 -10 -11 -12 -13 -14 -15 -16 -17
leaf_value=-1.0199924795551927 -1.0326508896086815 -1.1519436633587916 -1.1519436641481888 -1.0834491243317086 -1.0323974713234496 -1.1519436635219396 -1.0659587011814684 -1.0865697176192632 -1.1245456497412942 -1.1018625785416392 -1.0684758258714055 -1.1089894963777567 -1.0918061580608598 -1.135055921019426 -1.1385710219878997 -1.0016865503743519
leaf_weight=13.341727398335935 13.743188999593256 23.209768831729892 69.663093155249953 6.182647079229354 7.0847520232200685 5.2089845463633528 7.0357412695884687 90.688818097114563 48.577590644359589 7.2478615194559088 42.762709468603134 11.689748072996734 6.0358468294143668 7.1645802855491638 27.14353483915329 9.2603022158145887
leaf_count=36 39 80 194 18 20 18 21 275 166 24 126 38 21 21 82 23
internal_value=-1.10203 -1.10599 -1.10943 -1.12208 -1.09872 -1.09837 -1.06167 -1.10671 -1.09982 -1.04168 -1.07754 -1.14577 -1.13953 -1.10082 -1.12834 -1.015
internal_weight=0 382.298 354.756 162.651 192.105 81.2979 27.542 168.512 139.266 23.5929 47.9717 81.3528 29.2456 14.2003 33.3262 16.3451
internal_count=1202 1163 1085 476 609 244 78 542 441 67 144 232 101 42 100 43
is_linear=0
shrinkage=1


Tree=1
num_leaves=31
num_cat=0
split_feature=15 9 13 15 10 2 6 13 17 4 8 5 12 9 17 12 8 8 13 4 15 15 1 1 15 17 17 15 9 2
split_gain=34.9496 22.1335 19.547 14.8833 10.556 11.7596 11.4761 10.6112 9.95639 9.76865 10.9542 9.77204 7.22931 9.97912 8.73734 5.74947 5.48484 6.5063 4.74434 4.20162 3.88068 8.03367 3.65196 3.65493 6.03375 3.39077 1.66231 1.56038 1.4561 1.21377
threshold=0.65524061009216938 37.937563149180761 0.59294438061075971 0.62979851618320948 -0.050287514779546509 -0.057985660919999481 0.072415242493215098 0.75706949542143687 -1.1847353390730901 0.36458240276135417 -0.073638019714100736 0.1141358899844739 0.38753302725672456 16.785880558516141 -1.1330081126993667 0.72280560982259356 -0.0028414622477069547 0.071147768709275347 0.54796884395488843 0.16890614434715071 0.47261434306970707 0.59754066218903834 -0.24533397310437974 -0.10446563369742988 0.82587867696446393 1.343301633385763 1.0529182412513494 0.64077766825528115 26.443309403012254 0.14018496251789445
decision_type=2 2 2 2 2 2 2 2 2 2 2 2 2 2 2 2 2 2 2 2 2 2 2 2 2 2 2 2 2 2
left_child=1 2 12 20 9 15 7 -7 -5 22 -11 -12 19 -14 -15 -6 29 -18 -3 25 28 -22 -2 -24 -25 -1 -17 -20 -4 -8
right_child=4 18 3 8 5 6 16 -9 -10 10 11 -13 13 14 -16 26 17 -19 27 -21 21 -23 23 24 -26 -27 -28 -29 -30 -31
leaf_value=-0.99813525531450953 -1.0775893689047351 -1.0616151639699885 -1.1391329243389954 -1.0927250539771269 -1.0895770047958844 -1.0311668538311425 -1.1195236402305195 -1.1123357300106012 -0.99813525531450953 -1.1102246210089695 -1.0782120804635738 -1.0058477514768451 -1.1164377870724462 -1.0921937792599694 -1.0259029459260238 -1.1392489495258353 -1.0996580060536947 -1.1346512370967141 -1.0310145547159117 -1.0743805921766967 -1.0718288282896666 -1.1251610998602968 -1.1438311908799326 -1.1296228452310286 -1.0771163290201504 -1.0530837371826625 -1.1140389494905949 -0.99813525531450953 -1.1118412403815574 -1.1450627496820771
leaf_weight=7.2545635700225848 7.7663355823606244 8.8057843744754809 16.184232860803608 6.5491965413093567 7.436252921819686 9.3039311468601245 7.6151522099971798 7.0985436737537375 4.8363757133483869 10.820292780175807 10.897107508033516 8.1577567160129529 10.309292316436769 9.081736624240877 10.980525881052015 53.288602918386459 74.117292016744614 16.183767795562744 7.4334628582000715 4.919384539127349 11.886974155902864 17.392861723899841 8.5038361549377459 11.778434425592424 10.217982709407805 4.5800477266311646 7.4535521864891043 7.0127447843551636 7.0017230808734885 11.957101345062254
leaf_count=30 26 30 41 20 23 35 21 20 20 37 36 33 29 28 42 136 222 42 28 16 39 47 21 31 34 16 21 29 20 29
internal_value=-1.09808 -1.07704 -1.08634 -1.10436 -1.10841 -1.11434 -1.10531 -1.06629 -1.05255 -1.09147 -1.07005 -1.04723 -1.06191 -1.07646 -1.05591 -1.13108 -1.11113 -1.10593 -1.03269 -1.03554 -1.11561 -1.10351 -1.1082 -1.11599 -1.10523 -1.0194 -1.13616 -1.01505 -1.13089 -1.13513
internal_weight=0 134.229 110.977 63.8514 262.596 194.454 126.276 16.4025 11.3856 68.1417 29.8752 19.0549 47.1256 30.3716 20.0623 68.1784 109.873 90.3011 23.252 16.754 52.4658 29.2798 38.2666 30.5003 21.9964 11.8346 60.7422 14.4462 23.186 19.5723
internal_count=1202 435 348 187 767 549 369 55 40 218 106 69 161 99 70 180 314 264 87 62 147 86 112 86 65 46 157 57 61 50
is_linear=0
shrinkage=1


Tree=2
num_leaves=31
num_cat=0
split_feature=15 15 17 4 3 4 6 13 15 6 6 10 2 15 15 15 9 15 15 17 10 5 17 17 6 4 6 3 4 1
split_gain=62.852 43.3467 20.9647 24.213 19.8021 19.797 21.7019 18.8946 18.7118 17.7416 12.16 11.4439 11.2295 13.2149 10.0147 9.10628 8.91745 7.1691 10.975 6.9705 6.95647 8.33606 10.4303 4.56711 3.30971 2.95361 1.61658 0.969264 0.822827 3.55271e-15
threshold=0.73940889487915407 0.84373185664026373 -0.20452278572282412 0.12107924571609077 0.12786245471478616 0.75152883360355782 0.071172325454054094 0.57626502601615393 0.64119544975446319 0.16853496735790027 0.094606520102988312 -0.003348655918059623 0.48950804455920427 0.77342046519550756 0.82587867696446393 0.67218804556887568 13.358810293286597 0.88658206936429462 0.90998216531499254 -0.71143315334615764 0.015555258471975119 0.20519372433234642 -0.055597601556398722 1.5768055631570588 0.11134103742375916 0.10132934470465253 0.079722452506530123 -0.158559893111271 0.42036271221908489 -0.31857995534267042
decision_type=2 2 2 2 2 2 2 2 2 2 2 2 2 2 2 2 2 2 2 2 2 2 2 2 2 2 2 2 2 2
left_child=5 4 16 -4 12 6 7 23 19 10 -6 -5 13 -2 -15 -10 -3 28 -19 -9 21 22 -8 25 -14 -1 -22 -28 -18 -23
right_child=1 2 3 11 9 -7 20 8 15 -11 -12 -13 24 14 -16 -17 17 18 -20 -21 26 29 -24 -25 -26 -27 27 -29 -30 -31
leaf_value=-1.1458080397780326 -1.0763748013145811 -1.057520689444742 -1.1320655666966704 -1.0841037466237486 -1.0680287100577908 -1.0382370898019022 -1.1268947174835842 -1.0611204863444803 -1.1458080398600228 -1.0159882294606934 -1.1458080400057711 -1.0047349458889232 -1.1067480268584067 -1.007339961153326 -1.059957029458132 -1.0654751846823669 -1.1458080409163525 -1.0748634455554842 -1.1399875887704816 -1.0004331226124936 -1.1223329826224295 -1.1458080405070823 -1.079728223277052 -1.081930091791885 -1.0572639897145104 -1.1112216538217046 -1.124284268220926 -1.1458080406158526 -1.1248557585821646 -1.1458080407157671
leaf_weight=14.208356425166135 12.686047142371534 5.701081007719039 9.1565273106098193 7.1375369131565138 8.8980368077755028 8.3053712099790555 26.612634256482124 11.143904462456701 8.0731678605079633 6.3003995027393094 11.545235276222227 12.487616345286366 6.4430769234895688 39.530771806836128 11.725740522146223 6.2655975222587577 21.321263998746876 14.18947669491172 11.890542287379501 8.2229912430048007 10.720598861575125 8.8018014580011386 20.946890354156494 5.9097077548503867 7.105691134929657 10.914699375629423 5.8462491482496253 49.663483753800392 6.0057105720043173 9.5292711406946164
leaf_count=50 39 17 29 23 28 25 86 33 28 21 39 31 21 98 34 20 60 41 34 20 38 27 63 20 22 38 18 149 22 28
internal_value=-1.09574 -1.07406 -1.09992 -1.06493 -1.05225 -1.11385 -1.11704 -1.09333 -1.06741 -1.08935 -1.11195 -1.0336 -1.03945 -1.03069 -1.01938 -1.11071 -1.11696 -1.12331 -1.10456 -1.03535 -1.12866 -1.11716 -1.10612 -1.12148 -1.0808 -1.13078 -1.14011 -1.14354 -1.1412 -1.14581
internal_weight=0 192.125 87.8898 28.7817 104.235 205.165 196.859 64.7384 33.7057 26.7437 20.4433 19.6252 77.4913 63.9426 51.2565 14.3388 59.1081 53.407 26.08 19.3669 132.121 65.8906 47.5595 31.0328 13.5488 25.1231 66.2303 55.5097 27.327 18.3311
internal_count=1202 559 257 83 302 643 618 209 101 88 67 54 214 171 132 48 174 157 75 53 409 204 149 108 43 88 205 167 82 55
is_linear=0
shrinkage=1


Tree=3
num_leaves=29
num_cat=0
split_feature=6 3 15 15 9 6 17 15 15 9 1 17 7 0 10 4 6 4 5 9 15 3 11 17 15 1 13 4
split_gain=42.0043 25.2391 29.0975 30.7935 23.4243 20.2654 17.0951 16.4643 14.243 14.1157 10.3071 18.5901 9.96601 11.4213 9.78332 9.15093 8.034 6.98862 5.40445 5.04263 1.39268 1.21274 0.657447 0.181206 0.00191205 0.00134257 0.000633288 0.000280997
threshold=0.0771512788838601 -0.21995876630562758 0.72977681058746091 0.84373185664026373 40.576854321451343 0.0938137831737864 -0.22694252141716512 0.66716251427701356 0.61444234586079161 14.748424278465523 -0.07136473441522638 -0.89703265728662462 0.29108472998137808 73.310501776169914 0.017354340455950835 0.1062852130269001 0.072415242493215098 0.10857238732130228 0.13518877164854617 26.862986129576012 0.82587867696446393 -0.25503562474883318 1.5540473954870015 1.0000000180025095e-35 0.68457175228036515 0.17347157487637335 0.41167109524627671 0.65765964090474005
decision_type=2 2 2 2 2 2 2 2 2 2 2 2 2 2 2 2 2 2 2 2 2 2 2 2 2 2 2 2
left_child=10 21 4 12 5 7 9 -3 -7 -5 20 14 -4 -14 17 -8 22 -12 -6 -16 23 27 25 24 26 -13 -1 -2
right_child=1 2 3 6 18 8 15 -9 -10 -11 11 16 13 -15 19 -17 -18 -19 -20 -21 -22 -23 -24 -25 -26 -27 -28 -29
leaf_value=-0.049016984035412624 -0.049508462335061426 -0.015617081113379722 0.047712831900516998 -0.026123933218203495 -0.049412974352379735 0.036362462371160663 0.030557365852436104 0.048089394252226816 0.08646760911260741 0.047342567999952415 0.064807477420516874 -0.049402709212551146 -0.038944880111448685 0.02463263194369629 0.012163783199609472 -0.040602807967825408 0.014472882292836099 0.0029301126393620272 0.012215194834305269 -0.049283122447625421 -0.023492731755358463 -0.024254042524350296 -0.032093023813057182 -0.039943453040969149 -0.048716858658056 -0.04869465087190529 -0.049653326327325789 -0.049067740340026172
leaf_weight=5.4268715679645565 5.8366604447364834 21.147446617484093 4.3288776725530616 7.6656419336795798 9.1075382977724058 28.621051669120789 6.7133630067110088 19.487661421298981 28.116620868444443 44.458379771560431 10.519955784082418 16.99597825109959 54.640193035826087 8.112800791859625 6.7713041901588422 13.814475059509276 6.5914675146341315 8.0588103085756284 5.8375474624335757 6.5866442024707794 6.9691121131181708 7.1087798289954653 7.1018739938735953 6.3424412757158271 14.519263833761213 11.045784920454023 13.986743152141569 9.5089180432260019
leaf_count=20 20 73 11 24 33 83 20 56 71 125 30 58 166 24 18 39 22 26 21 24 22 24 22 20 39 36 48 27
internal_value=0 0.00946898 0.0139942 -0.00123678 0.0329429 0.0418885 0.0213175 0.0149351 0.0611923 0.0365382 -0.0259005 -0.0142103 -0.0256638 -0.0307255 0.0145018 -0.0173308 -0.0361816 0.0379673 -0.025341 -0.0181349 -0.0441299 -0.0413266 -0.0456822 -0.0477009 -0.0491509 -0.0491238 -0.0494754 -0.0492354
internal_weight=0 274.506 252.052 139.734 112.318 97.3728 72.6519 40.6351 56.7377 52.124 120.916 73.6718 67.0819 62.753 31.9367 20.5278 41.7351 18.5788 14.9451 13.3579 47.2444 22.4544 35.1436 40.2753 33.9329 28.0418 19.4136 15.3456
internal_count=1202 817 746 409 337 283 208 129 154 149 385 236 201 190 98 59 138 56 54 42 149 71 116 127 107 94 68 47
is_linear=0
shrinkage=0.05


Tree=4
num_leaves=31
num_cat=0
split_feature=15 9 13 15 10 2 2 13 4 8 5 17 8 12 9 17 8 12 14 14 13 4 13 9 4 11 9 9 10 9
split_gain=31.4917 19.2509 17.4334 13.6312 9.88762 11.2765 9.68171 13.254 9.0141 9.92309 8.69496 8.6605 6.23776 6.1206 9.10394 7.8131 5.98812 5.40653 4.25938 11.1717 4.11395 3.64621 3.61383 3.09745 3.05102 2.11104 1.61619 2.59402 1.45465 0.947969
threshold=0.65524061009216938 37.937563149180761 0.59294438061075971 0.62979851618320948 -0.050287514779546509 -0.057985660919999481 0.065650560124718232 0.7734474546433282 0.36458240276135417 -0.073638019714100736 0.1141358899844739 -1.1847353390730901 -0.0028414622477069547 0.38753302725672456 16.785880558516141 -1.1330081126993667 0.071147768709275347 0.72280560982259356 0.64741032645528096 0.45322685330325835 0.54796884395488843 0.15742200708133799 0.78843101006196792 15.045834916235338 0.2028840150898458 1.0271696209905679 42.567561959189185 51.956548723958548 0.15743891947323949 26.157493446186503
decision_type=2 2 2 2 2 2 2 2 2 2 2 2 2 2 2 2 2 2 2 2 2 2 2 2 2 2 2 2 2 2
left_child=1 2 13 18 8 17 7 -7 22 -10 -11 -5 -8 21 -15 -16 -14 -6 19 -4 -3 28 24 -24 -2 -22 29 -28 -1 -19
right_child=4 20 3 11 5 6 12 -9 9 10 -12 -13 16 14 15 -17 -18 26 -20 -21 25 -23 23 -25 -26 -27 27 -29 -30 -31
leaf_value=0.091778492135911452 0.031651179007147222 0.033788575399043876 -0.03206114455182249 0.005225952773367592 0.0079233553449909039 0.079688699514250991 -0.043733664366351947 -0.013625262854988546 -0.011582593142222555 0.019021053199735932 0.086629175798115438 0.092515902010840742 -0.0020050834605136974 -0.017931070388287316 0.0054270540065901856 0.067681325430869466 -0.03555585914037606 -0.034322524889688205 -0.043257083377655194 0.02118010100048107 0.092355644005052931 0.02791890064152875 0.0052313928982005058 -0.038356520934341963 -0.0097923226664155972 0.054182903151137218 -0.0028282749500541981 -0.041804115731823216 0.054841032845590158 -0.049292508568725593
leaf_weight=6.0381330549716967 7.1300227493047741 8.9762406200170535 22.916618078947067 6.5570144206285477 7.475547954440116 7.2214686423540106 13.55483293533325 8.044199660420416 10.750042801722886 10.972696978598835 8.3934241533279401 5.0147194415330869 80.922673463821411 10.254186883568766 9.1207342743873614 11.264450669288633 15.914673060178755 19.580798778682947 11.870783269405363 17.284190595149994 8.7821827679872495 6.4276988804340354 5.8812972605228451 13.276608353480695 11.774865359067915 6.1638988554477683 7.761763438582423 9.4865264296531659 4.7718417942523956 22.993920177221298
leaf_count=24 24 30 61 20 23 28 34 23 37 36 33 20 242 29 28 42 42 53 30 56 35 21 18 36 34 22 23 24 17 57
internal_value=0 0.0198442 0.0111137 -0.00603268 -0.00986704 -0.0156504 -0.00680462 0.0305172 0.00650065 0.0269395 0.0483229 0.0430539 -0.0119657 0.0339065 0.0204973 0.0398275 -0.00751896 -0.0321669 -0.0169411 -0.00917027 0.0605441 0.0577408 -0.00967104 -0.0249754 0.00583819 0.0766129 -0.0371766 -0.0242649 0.0754732 -0.0424076
internal_weight=0 135.443 111.52 63.6433 261.135 192.956 125.658 15.2657 68.179 30.1162 19.3661 11.5717 110.392 47.877 30.6394 20.3852 96.8373 67.2986 52.0716 40.2008 23.9223 17.2377 38.0628 19.1579 18.9049 14.9461 59.823 17.2483 10.81 42.5747
internal_count=1202 435 348 187 767 549 369 51 218 106 69 40 318 161 99 70 284 180 147 117 87 62 112 54 58 57 157 47 41 110
is_linear=0
shrinkage=0.05


Tree=5
num_leaves=23
num_cat=0
split_feature=13 16 8 17 7 12 2 8 8 16 11 3 17 3 16 3 9 16 3 11 16 9
split_gain=22.5045 17.7631 22.6442 15.1448 13.2484 20.3409 28.4236 18.8794 15.7817 12.8679 10.8186 7.41097 5.09072 3.70475 6.81776 2.92199 2.75453 2.08375 0.711511 0.182399 0.000193301 9.87673e-05
threshold=0.52024649507101028 -1.7240797443452929 -0.073638019714100736 -1.0444525187121898 0.25765531652691087 0.86223258872016995 0.065650560124718232 0.0054138740117367678 0.020559995179400475 0.90121401846214588 0.45277300060201936 -0.0036124068224435073 -0.74421685538168825 0.0056023853626100554 -1.7458802667454643 -0.054311094381950718 35.612185175694201 -0.39886682530103762 -0.054311094381950718 1.6966104405831619 -1.1227834956379603 16.785880558516141
decision_type=2 2 2 2 2 2 2 2 2 2 2 2 2 2 2 2 2 2 2 2 2 2
left_child=13 10 3 -3 8 6 -6 -7 9 -4 -2 -10 15 14 -1 -12 18 20 -16 -17 21 -15
right_child=1 2 4 -5 5 7 -8 -9 11 -11 12 -13 -14 17 16 19 -18 -19 -20 -21 -22 -23
leaf_value=0.024526713261610381 0.031582094512477669 -0.0021676514097938092 0.02255138291408243 0.089826813116671511 -0.035699346995923815 0.047132412817417521 0.013600614193500234 -0.010627769652421362 0.012528171518835118 0.073934154469914734 -0.016609735665228532 -0.043876988930377656 0.0069852053499300853 -0.049072254120951259 -0.049566384946124795 -0.049314592649142147 -0.0034233427561393189 -0.013826391817514853 -0.027453341135233483 -0.039668859586798152 -0.049294432511207568 -0.048818551832254371
leaf_weight=7.6464406698942211 8.4130652397871 6.5091956425458219 50.714599743485451 14.307642908766864 63.597457766532898 33.993925809860229 54.112836703658104 24.231742832809687 13.016509860754015 16.037943720817566 11.417961146682496 10.537942454218863 7.6642347276210776 7.9818257838487661 10.061170071363451 19.696267113089569 6.7626856416463843 5.2558374851942053 5.6977330148220053 6.5246223807334891 5.5566310435533532 7.3861807435750961
leaf_count=24 23 23 151 39 198 88 161 76 40 41 38 33 23 27 34 58 21 19 19 20 22 24
internal_value=0 0.0059011 0.0108392 0.0610612 0.00691249 -0.00107842 -0.0130356 0.0230944 0.0224804 0.0348966 -0.0204882 -0.0127067 -0.030158 -0.0282097 -0.0162664 -0.0377213 -0.0301164 -0.0419721 -0.0415713 -0.0469144 -0.0490417 -0.0489503
internal_weight=0 340.776 287.06 20.8168 266.243 175.936 117.71 58.2257 90.307 66.7525 53.7162 23.5545 45.3031 56.3485 30.168 37.6389 22.5216 26.1805 15.7589 26.2209 20.9246 15.368
internal_count=1202 1012 850 62 788 523 359 164 265 192 162 73 139 190 98 116 74 92 53 78 73 51
is_linear=0
shrinkage=0.05


end of trees

feature_importances:
corr_btc_sol_100=26
adx_14=17
ratio_btc_sol_norm=17
bb_pct_upper=12
trend_regime_slope=11
macd_hist=10
corr_btc_sol_20=10
atr_pct_14=9
macd_signal=6
cmf_20=6
corr_btc_eth_20=6
ratio_btc_eth_norm=6
macd_line=5
bb_pct_lower=4
volume_sma_ratio=4
volatility_regime=3
corr_btc_eth_100=3
rsi_14=1

parameters:
[boosting: gbdt]
[objective: multiclass]
[metric: multi_logloss]
[tree_learner: serial]
[device_type: cpu]
[data_sample_strategy: bagging]
[data: ]
[valid: ]
[num_iterations: 100]
[learning_rate: 0.05]
[num_leaves: 31]
[num_threads: 0]
[seed: 42]
[deterministic: 0]
[force_col_wise: 0]
[force_row_wise: 0]
[histogram_pool_size: -1]
[max_depth: 6]
[min_data_in_leaf: 20]
[min_sum_hessian_in_leaf: 0.001]
[bagging_fraction: 0.8]
[pos_bagging_fraction: 1]
[neg_bagging_fraction: 1]
[bagging_freq: 5]
[bagging_seed: 400]
[feature_fraction: 0.8]
[feature_fraction_bynode: 1]
[feature_fraction_seed: 30056]
[extra_trees: 0]
[extra_seed: 12879]
[early_stopping_round: 0]
[first_metric_only: 0]
[max_delta_step: 0]
[lambda_l1: 0]
[lambda_l2: 0]
[linear_lambda: 0]
[min_gain_to_split: 0]
[drop_rate: 0.1]
[max_drop: 50]
[skip_drop: 0.5]
[xgboost_dart_mode: 0]
[uniform_drop: 0]
[drop_seed: 17869]
[top_rate: 0.2]
[other_rate: 0.1]
[min_data_per_group: 100]
[max_cat_threshold: 32]
[cat_l2: 10]
[cat_smooth: 10]
[max_cat_to_onehot: 4]
[top_k: 20]
[monotone_constraints: ]
[monotone_constraints_method: basic]
[monotone_penalty: 0]
[feature_contri: ]
[forcedsplits_filename: ]
[refit_decay_rate: 0.9]
[cegb_tradeoff: 1]
[cegb_penalty_split: 0]
[cegb_penalty_feature_lazy: ]
[cegb_penalty_feature_coupled: ]
[path_smooth: 0]
[interaction_constraints: ]
[verbosity: -1]
[saved_feature_importance_type: 0]
[use_quantized_grad: 0]
[num_grad_quant_bins: 4]
[quant_train_renew_leaf: 0]
[stochastic_rounding: 1]
[linear_tree: 0]
[max_bin: 255]
[max_bin_by_feature: ]
[min_data_in_bin: 3]
[bin_construct_sample_cnt: 200000]
[data_random_seed: 175]
[is_enable_sparse: 1]
[enable_bundle: 1]
[use_missing: 1]
[zero_as_missing: 0]
[feature_pre_filter: 1]
[pre_partition: 0]
[two_round: 0]
[header: 0]
[label_column: ]
[weight_column: ]
[group_column: ]
[ignore_column: ]
[categorical_feature: ]
[forcedbins_filename: ]
[precise_float_parser: 0]
[parser_config_file: ]
[objective_seed: 16083]
[num_class: 3]
[is_unbalance: 0]
[scale_pos_weight: 1]
[sigmoid: 1]
[boost_from_average: 1]
[reg_sqrt: 0]
[alpha: 0.9]
[fair_c: 1]
[poisson_max_delta_step: 0.7]
[tweedie_variance_power: 1.5]
[lambdarank_truncation_level: 30]
[lambdarank_norm: 1]
[label_gain: ]
[lambdarank_position_bias_regularization: 0]
[eval_at: ]
[multi_error_top_k: 1]
[auc_mu_weights: ]
[num_machines: 1]
[local_listen_port: 12400]
[time_out: 120]
[machine_list_filename: ]
[machines: ]
[gpu_platform_id: -1]
[gpu_device_id: -1]
[gpu_use_dp: 0]
[num_gpu: 1]

end of parameters

pandas_categorical:[]
