tree
version=v4
num_class=3
num_tree_per_iteration=3
label_index=0
max_feature_idx=24
objective=multiclass num_class:3
feature_names=rsi_14 macd_line macd_signal macd_hist bb_pct_upper bb_pct_lower atr_pct_14 volatility_regime trend_regime_slope adx_14 cmf_20 volume_sma_ratio corr_btc_eth_20 corr_btc_sol_20 corr_btc_eth_100 corr_btc_sol_100 ratio_btc_eth_norm ratio_btc_sol_norm ratio_btc_bnb_norm btc_funding_rate funding_mom_1 funding_mom_3 funding_spread_eth funding_spread_sol funding_spread_bnb
feature_infos=[7.2259428956444935:92.518624638122333] [-47.729064133583961:68.63292732674563] [-40.028047124843027:57.759378334495572] [-16.86750220658017:26.617054924201781] [-1.7037633748871284:4.0076072277316754] [-0.64215133792305235:5.624707319001816] [0.046711310265094855:0.79696806493124184] [0.012987012987012988:1] [-0.2512624228615547:0.29887407200084154] [5.7658304147236032:89.775091323631145] [-0.36483752677511899:0.44136063682217419] [0.079782586652512477:10.732253988807797] none none none none none none none none none none none none none
tree_sizes=2871 3074 2151

Tree=0
num_leaves=27
num_cat=0
split_feature=7 3 8 8 2 2 0 8 8 8 9 7 5 9 2 4 6 0 0 2 6 2 2 9 7 0
split_gain=40.1211 20.0636 15.4583 24.5988 18.6821 19.2556 16.6897 11.7667 8.91967 8.71951 12.6769 8.39551 5.76738 5.60703 5.33022 12.9822 4.10402 3.12418 4.79753 2.55249 1.66069 1.61099 1.23294 0.932309 0.164578 7.10543e-15
threshold=0.89232048121173912 -1.2371375596089733 0.062233724380824258 0.016774480763641044 -4.7162350329794505 1.0000000180025095e-35 66.464257040050185 0.034247308804343159 -0.038824531614511174 0.076316976473133444 18.141643442138999 0.68637201955733074 -0.060413852783874608 22.695691933853094 7.9291544960195637 0.63104056093206373 0.095733472439267164 57.010794551248729 64.756355487959013 -4.5324825819282273 0.33765911633123019 -0.026788774323255122 4.1384925012496998 26.519790257670724 0.98175894991308132 48.423971190104638
decision_type=2 2 2 2 2 2 2 2 2 2 2 2 2 2 2 2 2 2 2 2 2 2 2 2 2 2
left_child=1 11 3 4 8 -6 7 -5 -3 22 -11 16 -2 -8 15 -13 -1 24 -19 -17 -20 -12 -4 -18 25 -14
right_child=12 2 9 6 5 -7 13 -9 -10 10 21 14 17 -15 -16 19 23 18 20 -21 -22 -23 -24 -25 -26 -27
leaf_value=-1.0937680755261792 -1.0711260258214201 -1.0727783679539302 -1.0043644136010721 -1.1284949429677971 -1.0358403633567743 -1.0940215981006622 -1.0928027313047368 -1.0880292279498971 -1.1277529104743089 -1.0154422560547267 -1.1126011570147696 -1.0343994551298641 -1.1436408104130991 -1.034346549500972 -1.1219549385350649 -1.128656215291197 -1.1235596282033979 -1.0831767030754438 -1.1436408103170681 -1.0874626624160244 -1.1106228233831883 -1.0782450004273409 -1.0336175908919276 -1.1436408089911145 -1.1350107049424254 -1.1436408099285951
leaf_weight=7.0204139947891226 4.0236304998397818 14.822827041149141 7.5417065620422346 46.234032273292542 49.260121583938599 19.992803961038589 6.8871060907840755 29.381058216094971 14.691569179296492 7.2830200195312527 7.5199989080429068 9.6152387857437152 21.111488252878193 10.144505769014357 10.763605147600172 7.7886045575141889 8.7177952527999896 6.7557729780674007 11.65916419029236 7.2711863219738007 5.655539669096469 6.2462990581989279 6.8949902057647705 17.151186525821686 6.7617425024509421 9.0761580467224103
leaf_count=22 11 45 20 146 136 58 21 91 49 20 21 26 59 29 31 24 30 20 33 21 30 20 20 57 23 27
internal_value=-1.09351 -1.08573 -1.07857 -1.08419 -1.06683 -1.05264 -1.1027 -1.11277 -1.10014 -1.04826 -1.06879 -1.10948 -1.12911 -1.05798 -1.0926 -1.07979 -1.12767 -1.13293 -1.11891 -1.10877 -1.13286 -1.09701 -1.01834 -1.13687 -1.14206 -1.14364
internal_weight=0 295.228 226.9 191.414 98.7673 69.2529 92.6467 75.6151 29.5144 35.486 21.0493 68.328 65.0435 17.0316 35.4386 24.675 32.8894 61.0199 24.0705 15.0598 17.3147 13.7663 14.4367 25.869 36.9494 30.1876
internal_count=1090 887 676 575 288 194 287 237 94 101 61 211 203 50 102 71 109 192 83 45 63 41 40 87 109 86
is_linear=0
shrinkage=1


Tree=1
num_leaves=29
num_cat=0
split_feature=7 3 8 2 3 3 7 4 7 6 9 2 10 6 9 10 8 9 10 10 8 2 1 2 3 1 10 4
split_gain=12.5319 23.2668 10.1951 17.2612 7.88546 8.26606 9.62272 9.83347 6.50753 12.0247 10.0434 15.056 6.34239 5.99022 9.78236 5.83768 4.69455 4.39258 4.20262 3.93245 3.76365 2.66371 2.21066 1.91469 1.25057 1.36105 0.185788 0.109277
threshold=0.7236366014211606 -2.0549083632374616 0.016392775540666208 -4.7162350329794505 -0.22979025796154803 1.7897222062142537 0.82046767786204422 0.43583734421465575 0.37575119651660732 0.11090176500744865 23.936621369273034 0.51583670915396618 -0.072129167058678556 0.24001820867085252 23.936621369273034 -0.11978701926555442 -0.12664102244127259 51.573278481872585 0.12870280581223856 0.042080748150001367 0.22134531549903952 0.43884584075633881 1.3025098796024397 -3.7456647424234131 -0.74047234185003019 -4.0153985701822412 0.06625322465720769 0.23432729261052099
decision_type=2 2 2 2 2 2 2 2 2 2 2 2 2 2 2 2 2 2 2 2 2 2 2 2 2 2 2 2
left_child=1 15 3 19 17 6 -6 27 10 -10 11 -4 -12 23 -15 -1 -5 20 -11 -3 24 -18 -17 -7 25 -2 -25 -8
right_child=4 2 8 16 5 13 7 -9 9 18 12 -13 -14 14 -16 22 21 -19 -20 -21 -22 -23 -24 26 -26 -27 -28 -29
leaf_value=-1.0745098127256423 -1.1324720912927075 -1.0374534045214596 -1.0045196168969051 -1.0778300961692109 -1.107575772251751 -1.1059657700517831 -1.0266107409165268 -1.1006381435640764 -1.0049071256411382 -1.0845551700560176 -1.0727144861750071 -1.0950835704660242 -1.124999465966352 -1.0217859626645411 -1.110465609777437 -1.0361185923996066 -1.1294351191828194 -1.0904893358798233 -1.0411415703798301 -1.0850234736941686 -1.0943165134373831 -1.1045304309053365 -0.99541757606759984 -1.1293083883152755 -1.1451523406402402 -1.115416941017825 -1.1402959871619145 -1.0166688531581987
leaf_weight=6.6252895593643215 24.606624722480767 8.3292571902275103 6.3786870837211636 6.3727069497108451 12.455293893814089 8.9576708674430847 5.5932983756065386 6.1332313418388358 6.1182113885879508 44.410595238208771 7.5379335880279532 16.358452618122101 25.159163534641266 4.4260984659194937 10.457055872306226 7.1541641950607282 42.185480177402496 12.84307014942169 6.3747103810310355 9.0810248851776105 10.050582924857734 14.401932537555693 6.2514166831970215 7.3849503397941598 8.5540933609008771 22.29795283079148 8.0311837792396528 5.4640547037124634
leaf_count=21 66 29 24 20 36 26 20 19 23 137 24 49 69 16 39 25 114 39 22 28 32 42 24 20 22 63 21 20
internal_value=-1.09506 -1.0874 -1.09273 -1.10633 -1.10638 -1.09404 -1.07411 -1.04986 -1.08301 -1.07113 -1.0952 -1.06968 -1.11295 -1.10909 -1.08409 -1.03611 -1.11851 -1.11723 -1.07911 -1.06227 -1.12247 -1.1231 -1.01714 -1.12435 -1.12757 -1.12436 -1.13503 -1.0217
internal_weight=0 212.739 192.708 80.3704 147.255 68.9028 29.6459 17.1906 112.338 56.9035 55.4342 22.7371 32.6971 39.257 14.8832 20.0309 62.9601 78.3523 50.7853 17.4103 65.5093 56.5874 13.4056 24.3738 55.4587 46.9046 15.4161 11.0574
internal_count=1090 651 581 233 439 217 95 59 348 182 166 73 93 122 55 70 176 222 159 57 183 156 49 67 151 129 41 40
is_linear=0
shrinkage=1


Tree=2
num_leaves=20
num_cat=0
split_feature=7 4 5 7 10 8 9 8 9 6 1 1 2 10 6 9 7 9 10
split_gain=57.538 26.2106 14.3191 15.128 11.1624 12.1705 11.967 15.5605 11.5875 11.0223 9.4658 7.15651 6.54507 5.59467 5.09501 5.20471 5.05256 3.4415 0.685333
threshold=0.88653529250205998 0.75406496354935093 1.5537260827546928 0.98529593285194117 0.042080748150001367 0.032391151310331955 23.423612154527497 1.0000000180025095e-35 12.59579757943831 0.14945906446695326 9.9188963635824638 -9.8445038468962576 -3.7233505029185712 0.0073694793064397633 0.102500062806247 59.304453735997335 0.1755911464422103 28.023869859798999 0.097717919893170371
decision_type=2 2 2 2 2 2 2 2 2 2 2 2 2 2 2 2 2 2 2
left_child=1 4 3 11 10 6 8 -8 -6 18 14 -2 -13 -14 16 -16 -1 -11 -7
right_child=2 -3 -4 -5 5 9 7 -9 -10 17 -12 12 13 -15 15 -17 -18 -19 -20
leaf_value=-1.1188105823231427 -1.0098545494937146 -1.0350979028573186 -1.1291585884619701 -1.109468867249892 -1.1362139345693067 -1.1375680578832159 -1.1339940606281704 -1.0823856515244838 -1.0557436039156847 -1.0744504858228745 -1.0744716176225431 -1.0987772589041245 -1.0628961086629907 -1.0181028423787606 -1.120991844939687 -1.1531277455575324 -1.1571022512061782 -1.1231475378727032 -1.1571022512355322
leaf_weight=12.129860162734984 11.43456310033798 9.5175417065620405 7.6875596828758708 10.969862371683119 5.558999955654147 5.9443534612655666 32.66235625743866 26.41994571685791 22.912331700325012 7.7269953787326795 7.7289714813232413 6.968085259199138 17.256348907947547 11.695402711629866 91.645803809165955 14.607873797416685 29.72754630446434 6.8395892977714539 18.352703779935837
leaf_count=36 30 26 38 35 20 20 96 78 64 21 22 23 50 31 282 48 93 20 57
internal_value=-1.10732 -1.11671 -1.06502 -1.05656 -1.11946 -1.10842 -1.09808 -1.11092 -1.07146 -1.13171 -1.12842 -1.04431 -1.05527 -1.0448 -1.13123 -1.12541 -1.14601 -1.09732 -1.15232
internal_weight=0 291.775 66.0118 58.3243 282.257 126.417 87.5536 59.0823 28.4713 38.8636 155.84 47.3544 35.9198 28.9518 148.111 106.254 41.8574 14.5666 24.2971
internal_count=1090 883 207 169 857 376 258 174 84 118 481 134 104 81 459 330 129 41 77
is_linear=0
shrinkage=1


end of trees

feature_importances:
macd_signal=11
trend_regime_slope=10
adx_14=10
volatility_regime=9
cmf_20=8
atr_pct_14=6
macd_hist=5
rsi_14=4
macd_line=4
bb_pct_upper=4
bb_pct_lower=2

parameters:
[boosting: gbdt]
[objective: multiclass]
[metric: multi_logloss]
[tree_learner: serial]
[device_type: cpu]
[data_sample_strategy: bagging]
[data: ]
[valid: ]
[num_iterations: 100]
[learning_rate: 0.05]
[num_leaves: 31]
[num_threads: 0]
[seed: 42]
[deterministic: 0]
[force_col_wise: 0]
[force_row_wise: 0]
[histogram_pool_size: -1]
[max_depth: 6]
[min_data_in_leaf: 20]
[min_sum_hessian_in_leaf: 0.001]
[bagging_fraction: 0.8]
[pos_bagging_fraction: 1]
[neg_bagging_fraction: 1]
[bagging_freq: 5]
[bagging_seed: 400]
[feature_fraction: 0.8]
[feature_fraction_bynode: 1]
[feature_fraction_seed: 30056]
[extra_trees: 0]
[extra_seed: 12879]
[early_stopping_round: 0]
[first_metric_only: 0]
[max_delta_step: 0]
[lambda_l1: 0]
[lambda_l2: 0]
[linear_lambda: 0]
[min_gain_to_split: 0]
[drop_rate: 0.1]
[max_drop: 50]
[skip_drop: 0.5]
[xgboost_dart_mode: 0]
[uniform_drop: 0]
[drop_seed: 17869]
[top_rate: 0.2]
[other_rate: 0.1]
[min_data_per_group: 100]
[max_cat_threshold: 32]
[cat_l2: 10]
[cat_smooth: 10]
[max_cat_to_onehot: 4]
[top_k: 20]
[monotone_constraints: ]
[monotone_constraints_method: basic]
[monotone_penalty: 0]
[feature_contri: ]
[forcedsplits_filename: ]
[refit_decay_rate: 0.9]
[cegb_tradeoff: 1]
[cegb_penalty_split: 0]
[cegb_penalty_feature_lazy: ]
[cegb_penalty_feature_coupled: ]
[path_smooth: 0]
[interaction_constraints: ]
[verbosity: -1]
[saved_feature_importance_type: 0]
[use_quantized_grad: 0]
[num_grad_quant_bins: 4]
[quant_train_renew_leaf: 0]
[stochastic_rounding: 1]
[linear_tree: 0]
[max_bin: 255]
[max_bin_by_feature: ]
[min_data_in_bin: 3]
[bin_construct_sample_cnt: 200000]
[data_random_seed: 175]
[is_enable_sparse: 1]
[enable_bundle: 1]
[use_missing: 1]
[zero_as_missing: 0]
[feature_pre_filter: 1]
[pre_partition: 0]
[two_round: 0]
[header: 0]
[label_column: ]
[weight_column: ]
[group_column: ]
[ignore_column: ]
[categorical_feature: ]
[forcedbins_filename: ]
[precise_float_parser: 0]
[parser_config_file: ]
[objective_seed: 16083]
[num_class: 3]
[is_unbalance: 0]
[scale_pos_weight: 1]
[sigmoid: 1]
[boost_from_average: 1]
[reg_sqrt: 0]
[alpha: 0.9]
[fair_c: 1]
[poisson_max_delta_step: 0.7]
[tweedie_variance_power: 1.5]
[lambdarank_truncation_level: 30]
[lambdarank_norm: 1]
[label_gain: ]
[lambdarank_position_bias_regularization: 0]
[eval_at: ]
[multi_error_top_k: 1]
[auc_mu_weights: ]
[num_machines: 1]
[local_listen_port: 12400]
[time_out: 120]
[machine_list_filename: ]
[machines: ]
[gpu_platform_id: -1]
[gpu_device_id: -1]
[gpu_use_dp: 0]
[num_gpu: 1]

end of parameters

pandas_categorical:[]
