tree
version=v4
num_class=3
num_tree_per_iteration=3
label_index=0
max_feature_idx=24
objective=multiclass num_class:3
feature_names=rsi_14 macd_line macd_signal macd_hist bb_pct_upper bb_pct_lower atr_pct_14 volatility_regime trend_regime_slope adx_14 cmf_20 volume_sma_ratio corr_btc_eth_20 corr_btc_sol_20 corr_btc_eth_100 corr_btc_sol_100 ratio_btc_eth_norm ratio_btc_sol_norm ratio_btc_bnb_norm btc_funding_rate funding_mom_1 funding_mom_3 funding_spread_eth funding_spread_sol funding_spread_bnb
feature_infos=[14.634872213813168:86.081887969848381] [-48.260065061613204:71.752884702278607] [-41.409710643309225:66.144699806715195] [-18.90708529491339:32.550292305021614] [-1.8946788709151725:3.9153162654883831] [-0.91854523948828937:6.1291906381262091] [0.10113206234288202:0.82837830618197728] [0.058823529411764705:1] [-0.27876266562747493:0.27797786937782926] [8.3457191614544861:68.706510625952191] [-0.27811719704507248:0.36898721421578679] [0.14443986538230083:6.790236625117358] none none none none none none none none none none none none none
tree_sizes=1338 1337 1435 1373 1375 1491

Tree=0
num_leaves=12
num_cat=0
split_feature=3 4 3 8 8 2 2 0 9 8 6
split_gain=13.5112 19.8085 11.5534 13.1757 6.99601 3.75967 4.01947 6.20717 3.46898 2.65878 1.81487
threshold=-0.6285538951977524 0.37466066730442932 -6.3191521841092468 0.0093637068105505514 0.1813163455488673 -19.983774880679309 4.6879226505057634 65.878741615562987 29.178243922740197 0.0074597150946960769 0.24054123972060198
decision_type=2 2 2 2 2 2 2 2 2 2 2
left_child=1 -1 -3 -4 8 -2 9 -8 -5 -7 -11
right_child=5 2 3 4 -6 6 7 -9 -10 10 -12
leaf_value=-1.0038803010819342 -1.072398238750049 -1.1353680631281362 -1.0243063173904954 -1.0814775592981454 -1.051302115501477 -1.0987002595189643 -1.0621074098853365 -1.1192838784277426 -1.127768075927073 -1.1399217881760095 -1.1121821322289076
leaf_weight=8.7840142250061017 6.9525447487831107 9.3721575140953046 9.9667641520500165 6.5721467137336793 7.2238294780254355 9.3180446028709394 8.775391489267351 10.339764975011347 10.534615099430082 16.321872502565387 9.2311659157276136
leaf_count=30 22 26 32 22 21 26 27 33 28 43 29
internal_value=-1.0897 -1.07239 -1.08617 -1.07273 -1.09256 -1.10701 -1.11146 -1.09304 -1.10998 -1.12156 -1.1299
internal_weight=0 52.4535 43.6695 34.2974 24.3306 60.9388 53.9862 19.1152 17.1068 34.8711 25.553
internal_count=339 159 129 103 71 180 158 60 50 98 72
is_linear=0
shrinkage=1


Tree=1
num_leaves=12
num_cat=0
split_feature=4 6 10 4 9 6 11 3 1 3 9
split_gain=9.29757 9.98788 11.5382 9.06062 7.75101 5.80615 6.48978 4.06911 3.61181 0.286 0.219984
threshold=0.17878010669869054 0.20557978756575043 0.072445906605545313 0.32388593681957761 20.530780574752814 0.23986441222243324 0.86804089412996943 -4.5320420107174169 -2.7712155960089144 0.47469885347398116 28.337687482982194
decision_type=2 2 2 2 2 2 2 2 2 2 2
left_child=5 10 3 -3 -5 6 -1 -4 -6 -9 -2
right_child=1 2 7 4 8 -7 -8 9 -10 -11 -12
leaf_value=-1.0818288168830463 -1.1399218420231694 -1.1176593727919997 -1.0912934299544428 -1.1002183944983697 -1.0651442169524687 -1.0990226303448298 -1.0217826494877571 -1.1247879970792645 -1.0299162962657751 -1.1399218422061841 -1.1269613338383151
leaf_weight=7.5501980781555238 7.8041040599346143 9.8509702980518323 9.0197032392025012 11.047248363494871 18.574324131011963 7.149507761001586 11.13806104660034 4.8303856551647177 11.96159276366234 8.8258244246244413 5.6403891444206238
leaf_count=22 27 32 27 34 51 22 26 16 29 34 19
internal_value=-1.0897 -1.09484 -1.08764 -1.07454 -1.06433 -1.0607 -1.04604 -1.11736 -1.05134 -1.13457 -1.13448
internal_weight=0 87.5545 74.11 51.4341 41.5832 25.8378 18.6883 22.6759 30.5359 13.6562 13.4445
internal_count=339 269 223 146 114 70 48 77 80 50 46
is_linear=0
shrinkage=1


Tree=2
num_leaves=13
num_cat=0
split_feature=2 2 8 4 7 8 2 2 8 0 6 0
split_gain=10.6939 7.64368 12.0789 9.70066 8.8423 7.87875 5.52597 4.98245 3.23404 1.73868 0.278655 0.242655
threshold=31.059609745004774 5.7037972093958311 0.0074597150946960769 0.15711201159531971 0.5604417219287402 -0.088139574644330768 -2.616746389673724 -0.091083782509465736 0.13199383969974599 47.240497430072999 0.24858980032269676 59.950952365897606
decision_type=2 2 2 2 2 2 2 2 2 2 2 2
left_child=1 2 5 -4 7 -1 -6 -5 -3 -10 -7 -11
right_child=-2 8 3 4 6 10 -8 -9 9 11 -12 -13
leaf_value=-1.1087451621253002 -1.057924513344797 -1.114505191003069 -1.1359176531124091 -1.0765297380810206 -1.0905303711041054 -1.1662412757265175 -1.0316896947433052 -1.1329481674889721 -1.1319727565143678 -1.1662412756016551 -1.1529537503856579 -1.1539309353236171
leaf_weight=12.91743239760399 6.9374288953840724 7.7689090408384827 11.525895118713377 6.817819535732272 6.9245024919509879 9.8646862506866473 9.4161845147609728 9.1856408417224866 7.6492996811866787 9.1808017492294329 6.5758462548255912 7.097831428050994
leaf_count=39 26 27 30 21 20 30 32 26 22 29 19 18
internal_value=-1.11669 -1.12202 -1.11314 -1.09653 -1.0825 -1.13797 -1.05662 -1.10891 -1.14253 -1.15163 -1.16093 -1.16087
internal_weight=0 104.925 73.228 43.87 32.3441 29.358 16.3407 16.0035 31.6968 23.9279 16.4405 16.2786
internal_count=339 313 217 129 99 88 52 47 96 69 49 47
is_linear=0
shrinkage=1


Tree=3
num_leaves=12
num_cat=0
split_feature=3 3 4 8 1 2 1 0 8 9 8
split_gain=12.5286 17.5674 12.2323 10.1462 5.54196 3.55245 4.19052 6.78445 2.82929 2.62346 0.617653
threshold=-0.6285538951977524 -5.8594476590094979 0.37466066730442932 0.0093637068105505514 8.134286150914706 -19.983774880679309 5.8295500477629512 65.878741615562987 0.0074597150946960769 29.178243922740197 0.11640916811485012
decision_type=2 2 2 2 2 2 2 2 2 2 2
left_child=1 -1 -3 -4 9 -2 8 -8 -7 -5 -10
right_child=5 2 3 4 -6 6 7 -9 10 -11 -12
leaf_value=-0.038291826350896459 0.016784865587896627 0.084178903157737794 0.059698671105161333 0.0062650593480225022 0.036753265208851769 -0.0092664263573074539 0.026036488689192824 -0.0306138236240465 -0.049148599698863066 -0.034937849300169743 -0.032631103114072614
leaf_weight=11.424309790134428 6.9821107983589163 8.7677624523639661 9.9507266283035261 6.7836614251136806 6.8193278014659873 9.3435591757297498 10.013691753149034 11.192018587142227 12.892837494611742 8.9739992022514325 10.088343769311903
leaf_count=33 22 29 31 22 20 26 31 35 37 24 29
internal_value=0 0.0165829 0.0317639 0.0176356 -0.000903558 -0.0167594 -0.0211347 -0.0038626 -0.0324655 -0.0172 -0.0418977
internal_weight=0 52.7198 41.2955 32.5277 22.577 60.5126 53.5305 21.2057 32.3247 15.7577 22.9812
internal_count=339 159 126 97 66 180 158 66 92 46 66
is_linear=0
shrinkage=0.05


Tree=4
num_leaves=12
num_cat=0
split_feature=4 6 10 4 9 6 3 3 0 3 0
split_gain=8.27709 9.34156 10.7586 8.3057 7.07518 5.25274 5.73052 3.93305 2.2305 0.286736 0.227886
threshold=0.17878010669869054 0.20557978756575043 0.072445906605545313 0.32388593681957761 20.530780574752814 0.23986441222243324 2.2483897099235928 -4.5320420107174169 41.667517800174103 0.47469885347398116 43.487378861295433
decision_type=2 2 2 2 2 2 2 2 2 2 2
left_child=5 10 3 -3 -5 6 -1 -4 -6 -9 -2
right_child=1 2 7 4 8 -7 -8 9 -10 -11 -12
leaf_value=0.016901289619814117 -0.049297264138664733 -0.027065745219030997 -0.0013067959618057467 -0.010210924376518476 0.023318230158352337 -0.0093658941826153305 0.072268969624735321 -0.034163635794518164 0.050174667345786822 -0.049432649912543231 -0.035974845392972389
leaf_weight=10.78405517339707 7.6272431015968305 9.7270648479461652 8.9923141300678271 11.008051753044127 15.794771611690523 7.1518948674201956 8.2472123801708204 4.7605261206626883 15.143630087375639 8.6823761910200101 5.5423920750617981
leaf_count=30 27 32 27 34 43 22 18 16 37 34 19
internal_value=0 -0.00488677 0.00200893 0.0145618 0.0242149 0.0271662 0.0408949 -0.0269033 0.0364638 -0.0440254 -0.0436906
internal_weight=0 87.2784 74.1087 51.6735 41.9465 26.1832 19.0313 22.4352 30.9384 13.4429 13.1696
internal_count=339 269 223 146 114 70 48 77 80 50 46
is_linear=0
shrinkage=0.05


Tree=5
num_leaves=13
num_cat=0
split_feature=2 2 10 1 2 6 10 3 7 3 3 6
split_gain=9.54679 7.02533 14.2362 9.04895 8.3704 6.76355 6.55054 1.73379 2.39556 1.54298 0.843597 0.000195825
threshold=31.059609745004774 2.6556735549545709 0.026755050338585992 -0.10033516944440633 -3.4753904353401865 0.2632745968831236 -0.037458256705250902 2.5856565678784227 0.56287291169451092 0.37968776492527928 -3.0503331059223155 0.21390178213765956
decision_type=2 2 2 2 2 2 2 2 2 2 2 2
left_child=1 2 4 -4 9 -6 -3 8 11 10 -1 -8
right_child=-2 6 3 -5 5 -7 7 -9 -10 -11 -12 -13
leaf_value=-0.025544861033757867 0.054745750791771824 0.023480089174915453 0.075446057629114952 0.0065210378285819274 -0.0089454961079207859 0.057144954940350691 -0.049048249049253784 -0.0097743624507743709 -0.019515853038295557 -0.012540162174018089 -0.048747691189363812 -0.048681119653210793
leaf_weight=7.2698841392993918 7.115011900663375 7.1690736711025229 9.7340316772460955 9.3226356506347638 9.6081168353557604 6.483229547739028 6.6470494866371181 9.0907829664647561 13.258579045534132 9.5024915039539319 8.4947134852409381 8.0081710219383222
leaf_count=20 26 23 32 27 28 20 21 27 38 28 25 24
internal_value=0 -0.00510952 0.00597125 0.0417275 -0.0105041 0.0176825 -0.0202644 -0.0287392 -0.0349155 -0.0284547 -0.0380476 -0.0488476
internal_weight=0 104.589 60.4151 19.0567 41.3584 16.0913 44.1737 37.0046 27.9138 25.2671 15.7646 14.6552
internal_count=339 313 180 59 121 48 133 110 83 73 45 45
is_linear=0
shrinkage=0.05


end of trees

feature_importances:
macd_hist=12
macd_signal=10
trend_regime_slope=9
atr_pct_14=8
bb_pct_upper=7
rsi_14=6
adx_14=5
macd_line=4
cmf_20=4
volatility_regime=2
volume_sma_ratio=1

parameters:
[boosting: gbdt]
[objective: multiclass]
[metric: multi_logloss]
[tree_learner: serial]
[device_type: cpu]
[data_sample_strategy: bagging]
[data: ]
[valid: ]
[num_iterations: 100]
[learning_rate: 0.05]
[num_leaves: 31]
[num_threads: 0]
[seed: 42]
[deterministic: 0]
[force_col_wise: 0]
[force_row_wise: 0]
[histogram_pool_size: -1]
[max_depth: 6]
[min_data_in_leaf: 20]
[min_sum_hessian_in_leaf: 0.001]
[bagging_fraction: 0.8]
[pos_bagging_fraction: 1]
[neg_bagging_fraction: 1]
[bagging_freq: 5]
[bagging_seed: 400]
[feature_fraction: 0.8]
[feature_fraction_bynode: 1]
[feature_fraction_seed: 30056]
[extra_trees: 0]
[extra_seed: 12879]
[early_stopping_round: 0]
[first_metric_only: 0]
[max_delta_step: 0]
[lambda_l1: 0]
[lambda_l2: 0]
[linear_lambda: 0]
[min_gain_to_split: 0]
[drop_rate: 0.1]
[max_drop: 50]
[skip_drop: 0.5]
[xgboost_dart_mode: 0]
[uniform_drop: 0]
[drop_seed: 17869]
[top_rate: 0.2]
[other_rate: 0.1]
[min_data_per_group: 100]
[max_cat_threshold: 32]
[cat_l2: 10]
[cat_smooth: 10]
[max_cat_to_onehot: 4]
[top_k: 20]
[monotone_constraints: ]
[monotone_constraints_method: basic]
[monotone_penalty: 0]
[feature_contri: ]
[forcedsplits_filename: ]
[refit_decay_rate: 0.9]
[cegb_tradeoff: 1]
[cegb_penalty_split: 0]
[cegb_penalty_feature_lazy: ]
[cegb_penalty_feature_coupled: ]
[path_smooth: 0]
[interaction_constraints: ]
[verbosity: -1]
[saved_feature_importance_type: 0]
[use_quantized_grad: 0]
[num_grad_quant_bins: 4]
[quant_train_renew_leaf: 0]
[stochastic_rounding: 1]
[linear_tree: 0]
[max_bin: 255]
[max_bin_by_feature: ]
[min_data_in_bin: 3]
[bin_construct_sample_cnt: 200000]
[data_random_seed: 175]
[is_enable_sparse: 1]
[enable_bundle: 1]
[use_missing: 1]
[zero_as_missing: 0]
[feature_pre_filter: 1]
[pre_partition: 0]
[two_round: 0]
[header: 0]
[label_column: ]
[weight_column: ]
[group_column: ]
[ignore_column: ]
[categorical_feature: ]
[forcedbins_filename: ]
[precise_float_parser: 0]
[parser_config_file: ]
[objective_seed: 16083]
[num_class: 3]
[is_unbalance: 0]
[scale_pos_weight: 1]
[sigmoid: 1]
[boost_from_average: 1]
[reg_sqrt: 0]
[alpha: 0.9]
[fair_c: 1]
[poisson_max_delta_step: 0.7]
[tweedie_variance_power: 1.5]
[lambdarank_truncation_level: 30]
[lambdarank_norm: 1]
[label_gain: ]
[lambdarank_position_bias_regularization: 0]
[eval_at: ]
[multi_error_top_k: 1]
[auc_mu_weights: ]
[num_machines: 1]
[local_listen_port: 12400]
[time_out: 120]
[machine_list_filename: ]
[machines: ]
[gpu_platform_id: -1]
[gpu_device_id: -1]
[gpu_use_dp: 0]
[num_gpu: 1]

end of parameters

pandas_categorical:[]
