tree
version=v4
num_class=3
num_tree_per_iteration=3
label_index=0
max_feature_idx=24
objective=multiclass num_class:3
feature_names=rsi_14 macd_line macd_signal macd_hist bb_pct_upper bb_pct_lower atr_pct_14 volatility_regime trend_regime_slope adx_14 cmf_20 volume_sma_ratio corr_btc_eth_20 corr_btc_sol_20 corr_btc_eth_100 corr_btc_sol_100 ratio_btc_eth_norm ratio_btc_sol_norm ratio_btc_bnb_norm btc_funding_rate funding_mom_1 funding_mom_3 funding_spread_eth funding_spread_sol funding_spread_bnb
feature_infos=[18.854227972062944:86.089155826581731] [-7.387567260349897:9.5141098154433621] [-6.8342493565275486:8.1673661661481329] [-2.666607746387283:3.3651541582075999] [-0.35311671130742806:2.4977489017303625] [-0.3677023655661773:3.1883166187580199] [0.098544865986674973:0.68547983970327964] [0.0076335877862595417:1] [-0.17846795004516391:0.25709015218754611] [7.9330412812628524:85.839071949737331] [-0.28596144121695111:0.37245323255102025] [0.16670330517132845:6.1547322190665161] [-0.26405319022530221:0.78780369264840877] [-0.57729615483111318:0.74195067698288542] [0:0.64815090053331637] [-0.032711214612424551:0.55387575258373034] [-3.4609983916541536:6.5082187884828278] [-3.9316951594683114:3.8594121992166333] [-3.2520575736613244:3.3543493352941427] none none none none none none
tree_sizes=1437 1343 1448 1696 1289 1587 1388 1377 1592 1692 1487 1375 1690 1589 1799 1701 1595 1796 1589 1480 1583 1582 1494 1175

Tree=0
num_leaves=13
num_cat=0
split_feature=6 9 7 1 17 1 17 1 2 18 8 7
split_gain=19.2921 19.6211 10.3617 9.69419 9.49989 13.099 4.66992 4.28885 6.98536 1.72738 1.1219 7.10543e-15
threshold=0.22159094674694699 17.439225281297364 0.39612332112332116 3.1280306079830784 1.2116463948021219 2.8866002335338412 1.2116463948021219 -1.4141932320234216 2.5770766142326296 1.5383748248704978 0.093656241680415739 0.065151515151515169
decision_type=2 2 2 2 2 2 2 2 2 2 2 2
left_child=6 3 -3 -2 7 -6 9 10 -9 11 -4 -1
right_child=1 2 4 -5 5 -7 -8 8 -10 -11 -12 -13
leaf_value=-1.1724085209800292 -1.0386129516578868 -1.0704508886012654 -1.1724085195151088 -1.1134642650189674 -1.0443630635283927 -1.133502586225462 -1.1187479322151657 -1.1137498824454313 -1.1655847173601459 -1.1421894016467058 -1.1415036524475544 -1.1724085196195142
leaf_weight=9.4346423149108976 12.710696294903757 8.8453585505485517 9.9348428845405561 6.5571770668029776 7.043215990066531 9.934420704841612 7.2028266787528983 20.865498751401905 9.4401886165142042 6.3950891196727744 4.1687921285629264 8.7162681818008405
leaf_count=27 35 25 42 21 18 31 20 59 33 19 11 36
internal_value=-1.123 -1.10878 -1.12104 -1.06409 -1.12833 -1.09652 -1.15415 -1.1405 -1.1299 -1.16454 -1.16327 -1.17241
internal_weight=0 89.5002 70.2323 19.2679 61.387 16.9776 31.7488 44.4093 30.3057 24.546 14.1036 18.1509
internal_count=377 275 219 56 194 49 102 145 92 82 53 63
is_linear=0
shrinkage=1


Tree=1
num_leaves=12
num_cat=0
split_feature=7 4 8 12 10 10 9 8 4 8 5
split_gain=18.9587 12.7581 7.82627 8.49463 5.65993 5.30423 8.45094 6.92286 3.29815 3.08773 3.55271e-15
threshold=0.065151515151515169 0.14074831140147159 0.23334364826544954 0.53716046665939532 0.12067691171711013 0.051026493809081357 16.217066209316645 0.046329307736444357 0.14074831140147159 0.01104743234609556 0.39772130008126544
decision_type=2 2 2 2 2 2 2 2 2 2 2
left_child=1 -1 3 5 10 6 -2 -8 -7 -10 -5
right_child=2 -3 -4 4 -6 8 7 -9 9 -11 -12
leaf_value=-0.99946979506290745 -1.12859054963907 -1.088325629175384 -1.0482220580021226 -1.1369390785003033 -1.0911471258418524 -1.0765480238731799 -1.107727015780799 -1.0547638713385084 -1.088287389657399 -1.1293423019518498 -1.1369390781746471
leaf_weight=8.5635603815317172 7.4215819090604773 7.647178813815116 6.9839236587285987 6.7280731201171902 9.4714246094226819 6.1558080613613155 8.48406930267811 22.619702026247978 6.367640212178233 16.311994969844818 16.739415898919106
leaf_count=21 24 22 17 21 24 19 32 63 19 55 60
internal_value=-1.08664 -1.04139 -1.0994 -1.10296 -1.12377 -1.09279 -1.08065 -1.06921 -1.10901 -1.11782 -1.13694
internal_weight=0 16.2107 107.284 100.3 32.9389 67.3608 38.5254 31.1038 28.8354 22.6796 23.4675
internal_count=377 43 334 317 105 212 119 95 93 74 81
is_linear=0
shrinkage=1


Tree=2
num_leaves=13
num_cat=0
split_feature=2 12 12 0 13 10 15 11 1 14 2 14
split_gain=20.202 24.7933 15.633 9.14246 6.9635 7.41385 6.55796 3.34009 2.10056 1.97354 1.66774 0.657662
threshold=0.059870107539659163 0.66914479374297142 0.40155052558089593 35.671421319788557 0.39142879015137821 0.096146385831606798 0.13674825334433491 0.7053281126448353 -1.0957656923646935 0.22404844298825263 0.56215505089130235 0.34317305274498133
decision_type=2 2 2 2 2 2 2 2 2 2 2 2
left_child=2 4 8 -4 6 7 -2 -6 -1 -5 -8 -12
right_child=1 -3 3 9 5 -7 10 -9 -10 -11 11 -13
leaf_value=-0.98782660098447272 -1.0849859812102847 -1.0165649242813006 -1.0219267937181093 -1.1166147823622556 -1.0369690974903731 -1.1195380230483507 -1.1019795221032516 -1.0817120407138305 -1.0283588898207541 -1.0809901750311361 -1.136939161801706 -1.1227579852389002
leaf_weight=6.626644492149353 12.905990332365034 8.7950350642204267 5.5230354368686703 6.9453247785568228 6.3540759980678621 10.14009916782379 6.0566737353801718 12.140905171632765 6.1752215921878797 8.8305078446865064 18.069854393601418 14.930999279022215
leaf_count=28 39 34 21 18 23 26 17 37 23 27 46 38
internal_value=-1.08664 -1.09628 -1.05104 -1.07729 -1.10498 -1.08518 -1.11589 -1.06634 -1.00738 -1.09667 -1.1261 -1.13052
internal_weight=0 89.3936 34.1007 21.2989 80.5986 28.6351 51.9635 18.495 12.8019 15.7758 39.0575 33.0009
internal_count=377 260 117 66 226 86 140 60 51 45 101 84
is_linear=0
shrinkage=1


Tree=3
num_leaves=15
num_cat=0
split_feature=6 9 7 1 1 14 1 9 6 15 0 0 1 11
split_gain=17.8398 17.0618 9.272 8.81872 9.20957 16.2699 8.39866 4.74169 4.45756 0.98187 0.632251 0.242519 0.000233312 8.54567e-05
threshold=0.22159094674694699 17.439225281297364 0.39612332112332116 -1.4141932320234216 2.3976964209582552 0.45416381948532109 3.1280306079830784 24.357523871939058 0.14351572458196563 0.47729398624270319 60.898863069988138 48.832748183470436 1.0400821536796914 1.0392643328040683
decision_type=2 2 2 2 2 2 2 2 2 2 2 2 2 2
left_child=8 6 -3 9 5 -5 -2 -6 -1 13 11 -10 -13 -4
right_child=1 2 3 4 7 -7 -8 -9 10 -11 -12 12 -14 -15
leaf_value=0.0040072501780855684 0.077573874927650707 0.049220831716266622 -0.048301278033353448 -0.0035647124563433471 -0.038075662956842005 0.085693315542643228 0.0085482478139313894 0.0056422237442301272 -0.035917621394815503 -0.02028872750814855 -0.026128798692575728 -0.048577894393249443 -0.049002291837491219 -0.048598740311549447
leaf_weight=7.2728746533393887 13.190130501985552 9.0428055673837644 5.2062797099351865 14.003442600369455 11.971000596880915 8.0347451120614988 6.6179306954145423 12.870911762118338 5.0905362963676515 4.5488683730363837 5.7022815346717826 7.5908433049917203 5.6479210406541824 4.5026122033596039
leaf_count=19 35 25 23 42 43 19 21 35 20 13 18 25 20 19
internal_value=0 0.0135319 0.00196543 -0.00502405 0.00544842 0.0289772 0.0545122 -0.0154249 -0.0302895 -0.039458 -0.0406691 -0.0451926 -0.048759 -0.0484392
internal_weight=0 89.9887 70.1807 61.1379 46.8801 22.0382 19.8081 24.8419 31.3045 14.2578 24.0316 18.3293 13.2388 9.70889
internal_count=377 275 219 194 139 61 56 78 102 55 83 65 45 42
is_linear=0
shrinkage=0.05


Tree=4
num_leaves=11
num_cat=0
split_feature=7 12 8 12 10 12 11 5 15 3
split_gain=16.8792 11.246 7.08641 7.99636 5.46726 5.11297 5.83411 7.53564 0.000312249 0.000139437
threshold=0.065151515151515169 0.38048831022843627 0.23334364826544954 0.53716046665939532 0.12067691171711013 0.51719713862055561 1.2092954040696593 0.89996716301306512 0.46873276258566515 0.16376697649758368
decision_type=2 2 2 2 2 2 2 2 2 2
left_child=1 -1 3 5 8 6 7 -2 9 -5
right_child=2 -3 -4 4 -6 -7 -8 -9 -10 -11
leaf_value=0.080391144543788373 -0.029517186775555176 -0.0022793398540314927 0.036066861035133346 -0.049247437584851804 -0.0039805798725464315 0.036670145319488007 0.018754660322849448 0.017864171171111474 -0.049013853809125908 -0.049580959783105366
leaf_weight=8.8784375935792941 36.291854068636894 7.6654533296823493 7.0985857695341101 7.5590380430221575 9.4188041090965253 6.4111087620258322 13.460915535688398 10.915560990571974 10.031466767191885 5.3529648631811142
leaf_count=22 123 21 17 31 24 17 39 33 32 18
internal_value=0 0.0420866 -0.0121973 -0.0156426 -0.0360556 -0.0057944 -0.0102818 -0.0185614 -0.0492231 -0.0493857
internal_weight=0 16.5439 106.54 99.4417 32.3623 67.0794 60.6683 47.2074 22.9435 12.912
internal_count=377 43 334 317 105 212 195 156 81 49
is_linear=0
shrinkage=0.05


Tree=5
num_leaves=14
num_cat=0
split_feature=2 12 12 4 13 15 18 14 3 1 2 3 14
split_gain=18.269 22.1105 13.6255 10.4588 6.50432 7.45659 6.84246 5.90792 5.26751 1.7122 1.56854 1.06544 0.783885
threshold=0.059870107539659163 0.66914479374297142 0.40155052558089593 1.1211746295080325 0.40744645219226233 0.13674825334433491 1.0064965910002761 0.50493013710489898 -0.22142814237550404 -1.0957656923646935 0.56215505089130235 0.68413947519233398 0.34317305274498133
decision_type=2 2 2 2 2 2 2 2 2 2 2 2 2
left_child=2 4 9 11 5 6 -2 8 -6 -1 -7 -4 -12
right_child=1 -3 3 -5 7 10 -8 -9 -10 -11 12 -13 -14
leaf_value=0.090717192967533195 -0.026873802700112789 0.064726968122914563 -0.00016957173652722461 0.06417977948835088 0.05684809056230971 -0.014589344103847636 0.045064898659269853 -0.030075968433300095 -0.00097618370453257338 0.054669434182941214 -0.049299363993413503 -0.026586735360487036 -0.034232389121678183
leaf_weight=6.8895776718854904 7.50759010016918 9.0633306205272657 7.7131283134222048 6.106693595647811 6.228713437914851 6.0024489909410468 5.9054762870073318 8.8740333914756757 10.711182922124864 6.3121109157800657 18.50910060107708 7.5556507855653763 16.177863597869873
leaf_count=28 20 34 23 23 23 17 21 23 32 23 48 20 42
internal_value=0 -0.00928427 0.033543 0.00887645 -0.0176779 -0.027531 0.00479922 0.00297278 0.0202855 0.0734817 -0.0381884 -0.0132419 -0.0422722
internal_weight=0 88.9797 34.5772 21.3755 79.9164 54.1025 13.4131 25.8139 16.9399 13.2017 40.6894 15.2688 34.687
internal_count=377 260 117 66 226 148 41 78 55 51 107 43 90
is_linear=0
shrinkage=0.05


Tree=6
num_leaves=12
num_cat=0
split_feature=10 14 14 10 14 3 14 4 18 14 7
split_gain=11.0959 9.27192 16.5876 8.07061 9.33154 8.96623 3.93259 4.24878 3.23488 2.51855 0.00193839
threshold=0.09435178881212225 0.23766149096191044 0.45416381948532109 -0.18563180521377995 0.45416381948532109 -0.096062417877961201 0.29961803904559531 0.12608937569477105 0.62657998068567544 0.15810506281881434 0.065151515151515169
decision_type=2 2 2 2 2 2 2 2 2 2 2
left_child=3 -2 8 -1 6 -6 7 -5 -3 -9 -8
right_child=1 2 -4 4 5 -7 10 9 -10 -11 -12
leaf_value=0.031472575651391964 0.069432309248515275 -0.048194747864047816 0.068736375364358934 0.01984017368241445 0.037266244830402084 -0.023752909865936301 -0.047644104204794362 -0.01111415377003514 -0.0014014655086583374 -0.039308487264172409 -0.04884087772076845
leaf_weight=11.770039290189741 9.2409788817167264 6.1349545419216183 7.9928138256072989 6.5337629169225684 14.647597193717958 10.221355304121969 6.9669744819402677 16.769889146089557 9.2807401716709119 15.010603502392767 6.5779520273208618
leaf_count=32 24 25 19 18 37 36 20 56 27 55 28
internal_value=0 0.0270246 0.0102833 -0.00707921 -0.012993 0.0121868 -0.025068 -0.0168813 -0.0200237 -0.0244309 -0.0482253
internal_weight=0 32.6495 23.4085 88.4982 76.7281 24.869 51.8592 38.3143 15.4157 31.7805 13.5449
internal_count=377 95 71 282 250 73 177 129 52 111 48
is_linear=0
shrinkage=0.05


Tree=7
num_leaves=12
num_cat=0
split_feature=7 12 12 12 1 11 15 1 10 9 8
split_gain=15.1715 9.80308 6.48356 6.50602 5.6033 7.8701 5.4527 3.75202 3.76637 3.51306 0.167391
threshold=0.065151515151515169 0.38048831022843627 0.53716046665939532 0.51719713862055561 2.9601231863963453 1.1656946315872465 0.4765262402480463 2.466591316989025 0.031675204565569048 18.161874287200419 -0.0084001890689344577
decision_type=2 2 2 2 2 2 2 2 2 2 2
left_child=1 -1 3 4 5 6 -2 10 -9 -6 -4
right_child=2 -3 7 -5 9 -7 -8 8 -10 -11 -12
leaf_value=0.074478776505813582 -0.038324575323654346 -0.0022281838536185108 -0.038195012302920467 0.041530690997619427 -0.011795198325268697 0.016296106075620813 0.01534986130516371 -0.031038695147648121 0.017810816247363047 0.035612716401006578 -0.048446925893662347
leaf_weight=9.1316922456026095 28.600797459483147 7.6582923531532279 5.9079737365245846 7.3510627150535575 6.4264614582061794 12.96040193736553 5.6696839183568946 10.249743968248369 6.4157557040452948 9.9703754931688291 12.211517140269278
leaf_count=22 102 21 21 19 20 39 17 39 18 25 34
internal_value=0 0.039491 -0.0116718 -0.00300533 -0.00815069 -0.0168932 -0.0294447 -0.0293556 -0.012233 0.017032 -0.0451042
internal_weight=0 16.79 105.764 70.9788 63.6277 47.2309 34.2705 34.785 16.6655 16.3968 18.1195
internal_count=377 43 334 222 203 158 119 112 57 45 55
is_linear=0
shrinkage=0.05


Tree=8
num_leaves=14
num_cat=0
split_feature=2 12 12 4 13 10 12 7 13 11 9 15 15
split_gain=16.4461 19.7812 12.0937 11.4135 6.11052 6.8611 6.11028 7.31324 3.76235 1.5283 1.13802 0.68293 0.202323
threshold=0.059870107539659163 0.66914479374297142 0.40155052558089593 1.2357790345305835 0.39142879015137821 -0.047225524345768169 0.10566813806792778 0.46700083542188808 0.47270122874060411 0.72686707955257224 50.006618270493227 0.32549925704213328 0.22950044021540669
decision_type=2 2 2 2 2 2 2 2 2 2 2 2 2
left_child=2 4 9 10 6 -6 7 -2 -7 -1 -4 12 -8
right_child=1 -3 3 -5 5 8 11 -9 -10 -11 -12 -13 -14
leaf_value=0.086013074816985502 0.044608961147387216 0.060131730555748289 -0.029313190057931388 0.067977936003621314 0.038615483700673386 0.017489301017037523 -0.038924189581585306 -0.027459144145151694 -0.029353769013294558 0.052369784993444871 -0.0021196679202114934 -0.029732773646704947 -0.048469212526900521
leaf_weight=6.5305267274379712 5.580482378602027 9.2821772843599302 6.8382584601640728 5.8261118531227103 8.6586714833974856 6.2398485541343716 10.196051970124246 9.534588694572447 13.693492978811262 6.9873039275407791 8.7962048500776273 13.056746467947958 12.18837448954582
leaf_count=26 20 34 18 22 30 20 26 29 36 25 26 35 30
internal_value=0 -0.00892263 0.0315791 0.00824539 -0.017021 0.00145263 -0.0274688 -0.000851609 -0.0146902 0.068623 -0.0140137 -0.0388206 -0.0441215
internal_weight=0 88.4304 34.9784 21.4606 79.1483 28.592 50.5562 15.1151 19.9333 13.5178 15.6345 35.4412 22.3844
internal_count=377 260 117 66 226 86 140 49 56 51 44 91 56
is_linear=0
shrinkage=0.05


Tree=9
num_leaves=15
num_cat=0
split_feature=6 9 4 1 8 4 2 9 6 0 4 10 0 8
split_gain=15.5872 14.5226 9.00455 9.86101 13.7347 10.033 6.80209 4.11956 4.11227 0.704565 0.635649 0.241304 0.238036 0.00180663
threshold=0.22159094674694699 17.439225281297364 1.0453596592688126 2.3976964209582552 0.10834776216396914 0.18038938867503626 2.3987550487267044 24.357523871939058 0.14351572458196563 61.736641648873828 0.34164483798819284 -0.06886807348953139 48.832748183470436 -0.0097198551296541289
decision_type=2 2 2 2 2 2 2 2 2 2 2 2 2 2
left_child=8 6 3 4 5 -3 -2 10 -1 12 -5 -4 -10 -14
right_child=1 2 11 7 -6 -7 -8 -9 9 -11 -12 -13 13 -15
leaf_value=0.0039331336711596844 0.073158157215637759 0.05752520080202006 -0.048378409751250004 -0.024247753616820023 0.08381439495673644 -0.0099555912606303764 0.014100723288991682 0.0040458040850496393 -0.034484186251308578 -0.022887099430050403 -0.047670213686936504 -0.032765037277456513 -0.04674386219049384 -0.047918351513945294
leaf_weight=7.2613425254821804 12.235409360378982 7.6814342141151455 5.9232563823461533 5.4162915945053118 7.9628305733203879 19.468954980373383 8.1056659296154958 13.175067991018294 4.9464377462863984 5.163091927766799 6.2266010791063309 4.2503665685653669 6.2890162616968217 6.8302626758813778
leaf_count=19 30 19 24 21 18 63 26 36 20 17 22 16 20 26
internal_value=0 0.0124295 0.00163722 0.00902032 0.0260714 0.00913619 0.0496245 -0.0151041 -0.0289093 -0.0391759 -0.036774 -0.0418554 -0.0438312 -0.0473553
internal_weight=0 90.4459 70.1048 59.9312 35.1132 27.1504 20.3411 24.818 30.4902 23.2288 11.6429 10.1736 18.0657 13.1193
internal_count=377 275 219 179 100 82 56 79 102 83 43 40 66 46
is_linear=0
shrinkage=0.05


Tree=10
num_leaves=13
num_cat=0
split_feature=7 4 8 12 10 10 9 8 4 8 3 9
split_gain=13.7035 9.34936 6.14017 7.11686 5.28029 4.72418 7.90086 5.667 3.6898 3.03513 0.00175651 0.000454278
threshold=0.065151515151515169 0.14074831140147159 0.23334364826544954 0.53716046665939532 0.12067691171711013 0.051026493809081357 16.217066209316645 0.046329307736444357 0.10511860533024185 0.0092752266399358258 0.16376697649758368 30.131443331429459
decision_type=2 2 2 2 2 2 2 2 2 2 2 2
left_child=1 -1 3 5 10 6 -2 -8 -7 -10 11 -5
right_child=2 -3 -4 4 -6 8 7 -9 9 -11 -12 -13
leaf_value=0.071233902862051918 -0.040803452934563056 -0.0032745464739279266 0.033295365125022347 -0.047433590066412533 -0.002506023414977319 0.015699497786145416 -0.018555604529267262 0.02989600847442743 0.00032591499870838125 -0.04092852980343336 -0.0481232471994332 -0.046858746667359619
leaf_weight=9.2300595045089739 7.253983035683631 7.7416035532951346 7.2266389131546012 8.1262349933385902 9.2620985656976682 5.56168866157532 8.1911465376615542 22.926740154623985 6.1124914139509228 16.47492103651166 7.8663098663091651 5.9557756483554831
leaf_count=21 24 22 17 31 24 17 32 63 18 58 30 20
internal_value=0 0.037247 -0.0111781 -0.0144667 -0.0341649 -0.00522463 0.00618783 0.0171421 -0.0207817 -0.0297645 -0.0475248 -0.0471905
internal_weight=0 16.9717 104.958 97.7314 31.2104 66.521 38.3719 31.1179 28.1491 22.5874 21.9483 14.082
internal_count=377 43 334 317 105 212 119 95 93 76 81 51
is_linear=0
shrinkage=0.05


Tree=11
num_leaves=12
num_cat=0
split_feature=1 12 9 18 17 18 5 11 10 3 1
split_gain=15.1059 16.4911 11.0246 8.56299 7.6128 4.169 6.17695 5.11666 1.93326 1.01272 0.440636
threshold=-1.0957656923646935 0.66914479374297142 68.37222721195252 -0.34359778749601116 0.21931733360815878 1.7505664196301243 0.18065437688324223 0.54616107557041838 0.052482918026966995 0.55850091156139159 -2.2166329667095392
decision_type=2 2 2 2 2 2 2 2 2 2 2
left_child=2 3 4 -2 10 6 -5 -7 -9 -8 -1
right_child=1 -3 -4 5 -6 7 9 8 -10 -11 -12
leaf_value=0.082336687116191229 0.031037323322870531 0.056405730177227748 -0.01849830383454126 0.015019619111447372 0.0017814365903050288 0.037991338318370968 -0.03592431395446738 0.0024032648937306043 -0.034040863203422957 -0.019011618294856113 0.063563276630716703
leaf_weight=8.9174532145261782 9.781946197152136 9.4450031518936139 6.5563677102327338 8.1094470322132093 4.6577033400535575 6.3606384098529842 38.427210718393326 7.2990262210369092 7.2568961083889008 11.50012883543968 4.8123405128717449
leaf_count=35 33 34 18 26 14 22 104 22 19 32 18
internal_value=0 -0.00640443 0.037169 -0.01309 0.057018 -0.0185571 -0.0254547 0.000581341 -0.0157661 -0.0320287 0.0757565
internal_weight=0 98.1803 24.9439 88.7353 18.3875 78.9533 58.0368 20.9166 14.5559 49.9273 13.7298
internal_count=377 292 85 258 67 225 162 63 41 136 53
is_linear=0
shrinkage=0.05


Tree=12
num_leaves=15
num_cat=0
split_feature=8 1 7 9 13 15 7 0 12 12 11 4 9 8
split_gain=10.626 10.317 12.1979 13.5255 9.45423 7.18316 7.99703 4.185 3.06571 2.78036 0.686612 0.200409 0.0378615 0.0115514
threshold=0.06013200079784662 3.2876324463572932 0.42954644164546757 30.131443331429459 0.50543588911525272 0.24282679005931804 0.21687489891638365 69.345148217159007 0.59219187119853578 0.49680465327720891 1.1656946315872465 0.7787867146953541 14.755125824075369 0.020349732377519209
decision_type=2 2 2 2 2 2 2 2 2 2 2 2 2 2
left_child=5 2 9 4 12 6 -1 10 -3 -2 11 -8 -4 -7
right_child=1 8 3 -5 -6 13 7 -9 -10 -11 -12 -13 -14 -15
leaf_value=0.024238579140124093 -0.038309454590376463 0.0025867425976383853 0.080326873663140064 -0.00041979304952328013 0.013820373047810783 -0.045882619080416458 -0.048110154059715873 0.017295178741488611 -0.034738344446732974 0.010272308918393175 -0.019573985416471439 -0.0349492875050176 0.085013210967137778 -0.048886400465759525
leaf_weight=14.600283309817312 6.6724886447191221 12.416426151990892 7.9732495248317781 12.773440361022947 6.94244560599327 8.2617336660623533 6.5778563022613579 4.7775626927614203 9.8779896497726423 5.2719583064317703 4.6229976564645758 5.1630262434482574 9.3806446604430658 5.2247793674468985
leaf_count=38 26 35 17 33 21 28 25 14 39 17 18 22 24 20
internal_value=0 0.0142485 0.0270751 0.0412339 0.0631326 -0.0159536 -0.00422132 -0.0238757 -0.0139509 -0.0168668 -0.0358959 -0.0423227 0.0828601 -0.0470463
internal_weight=0 71.3086 49.0142 37.0698 24.2963 49.2282 35.7417 21.1414 22.2944 11.9444 16.3639 11.7409 17.3539 13.4865
internal_count=377 212 138 95 62 165 117 79 74 43 65 47 41 48
is_linear=0
shrinkage=0.05


Tree=13
num_leaves=14
num_cat=0
split_feature=7 4 8 12 10 12 1 9 7 14 4 3 14
split_gain=12.3248 8.54151 5.61081 6.62853 5.08975 4.43044 8.2654 3.81923 7.15724 3.9801 0.230951 0.00198652 0.000629918
threshold=0.065151515151515169 0.14074831140147159 0.23334364826544954 0.53716046665939532 0.12067691171711013 0.210950111484699 3.4054860286508988 27.064246876210394 0.5095320827366 0.28841789271696083 0.42919778779231582 0.16376697649758368 0.53957094323643184
decision_type=2 2 2 2 2 2 2 2 2 2 2 2 2
left_child=1 -1 3 5 11 6 10 9 -9 -7 -2 12 -5
right_child=2 -3 -4 4 -6 7 -8 8 -10 -11 -12 -13 -14
leaf_value=0.067231120909807957 -0.049121666260876821 -0.0036952478387744961 0.03155707927497714 -0.046555413849548595 -0.0021207874679572219 0.0073468148536983751 0.022698186229055849 -0.036123642610526079 0.033169653234527079 -0.035350198091671045 -0.03610929587585298 -0.047230947967314474 -0.045875702018712522
leaf_weight=9.3619718849658984 9.4996059015393275 7.7660078704357138 7.3043000102043143 7.016919091343885 9.2185849845409376 12.944950342178347 6.6344231516122809 4.7228300720453289 17.664844959974289 9.4370855242013914 5.3193717002868643 7.6698707342147818 6.6284865289926529
leaf_count=21 34 22 17 31 24 43 18 19 51 27 20 30 20
internal_value=0 0.0350724 -0.0106991 -0.013889 -0.0331621 -0.00500269 -0.0236851 0.00394982 0.0185518 -0.0106558 -0.0444508 -0.0465871 -0.0462252
internal_weight=0 17.128 104.061 96.757 30.5339 66.2231 21.4534 44.7697 22.3877 22.382 14.819 21.3153 13.6454
internal_count=377 43 334 317 105 212 72 140 70 70 54 81 51
is_linear=0
shrinkage=0.05


Tree=14
num_leaves=16
num_cat=0
split_feature=2 13 2 12 4 15 18 1 7 8 7 13 4 11 13
split_gain=13.6985 16.3721 11.9655 10.1564 9.3199 6.40022 7.90742 1.86065 1.34402 1.32234 1.54914 0.888504 0.781378 0.654822 0.00143778
threshold=0.059870107539659163 0.44299168417192381 2.4162340160232954 0.40155052558089593 1.2357790345305835 0.13674825334433491 0.9383105859022749 5.8812568763827366 0.60817572443127887 0.053852293189714275 0.026388888888888892 0.44706901815126615 0.36045644678770034 0.75436020653191282 0.32320228509753829
decision_type=2 2 2 2 2 2 2 2 2 2 2 2 2 2 2
left_child=3 5 -3 8 11 6 -2 13 -1 10 -7 -5 14 -4 -11
right_child=1 2 7 4 -6 9 -8 -9 -10 12 -12 -13 -14 -15 -16
leaf_value=0.079214519737720646 -0.030074035901175813 -0.013671615103871219 0.072274072835048442 -0.0019988280173024926 0.059736119771382691 -0.037797590912801007 0.045353153261896713 0.026180060201661512 0.047919049944721105 -0.047169466493599141 -0.0053724165281880398 -0.025957895796340388 -0.030831336146960327 0.047966900553571855 -0.048128137319801374
leaf_weight=6.1866691261529905 7.4446510821580869 13.676988378167154 6.0420325249433535 8.0615963637828845 6.035459727048873 7.4396262615919095 6.5159749835729599 5.7820949256420127 7.7013566344976425 7.6052666082978275 7.2959795445203781 7.4413768351078025 12.322929181158541 5.1174900829792023 8.0516251325607282
leaf_count=24 20 39 23 24 22 20 23 19 27 21 22 20 35 18 20
internal_value=0 -0.00834421 0.021116 0.0285203 0.00702274 -0.0242597 0.00513081 0.0492 0.0618602 -0.0338654 -0.021743 -0.0134991 -0.0402497 0.0611274 -0.0476625
internal_weight=0 87.2947 30.6186 35.4265 21.5384 56.6761 13.9606 16.9416 13.888 42.7154 14.7356 15.503 27.9798 11.1595 15.6569
internal_count=377 260 99 117 66 161 43 60 51 118 42 44 76 41 41
is_linear=0
shrinkage=0.05


Tree=15
num_leaves=15
num_cat=0
split_feature=6 10 4 0 17 17 18 14 2 4 15 16 12 7
split_gain=12.8892 9.96357 8.06952 10.7703 7.61596 5.12582 4.7276 7.85274 4.56956 2.24405 2.21974 0.708002 0.00509571 0.00356043
threshold=0.22159094674694699 0.068076235403429539 1.0453596592688126 53.997657781572066 0.68110652899319446 1.3250824522408591 0.53576183726754745 0.096245821450075209 2.1849400360302988 0.2390897233001083 0.33597305198110383 0.16995598069731271 0.36982143174084725 0.82461836409204847
decision_type=2 2 2 2 2 2 2 2 2 2 2 2 2 2
left_child=5 2 3 4 -2 11 7 -3 -5 -10 -8 12 -1 -4
right_child=1 6 13 8 -6 -7 10 -9 9 -11 -12 -13 -14 -15
leaf_value=-0.045815061620762813 0.0060777862878990301 0.041040918744987935 -0.047721292318343878 0.0087278117260395326 0.066899906851522292 0.0078237489727430339 0.028173371518344675 -0.034195612902322224 -0.01000454147238827 -0.046870149531406599 0.065434664418789631 -0.027290660321035467 -0.047530014452598079 -0.045783391852356865
leaf_weight=9.005638152360925 13.200306832790377 8.2338367104530352 5.2681165486574155 10.632516801357271 8.4361307322978956 6.8071988224983206 7.1992053426802185 5.9921763055026522 6.6671576797962215 10.838443443179129 8.9856972694396955 6.4982169121503821 8.3455421924591047 4.3086769580841064
leaf_count=34 38 20 20 28 19 19 20 26 23 42 20 23 28 20
internal_value=0 0.00710605 -0.00481817 0.00326878 0.0297926 -0.030445 0.0303779 0.00935034 -0.0171263 -0.0328296 0.0488605 -0.0413678 -0.0466399 -0.0468494
internal_weight=0 89.7623 59.3513 49.7746 21.6364 30.6566 30.4109 14.226 28.1381 17.5056 16.1849 23.8494 17.3512 9.57679
internal_count=380 276 190 150 57 104 86 46 93 65 40 85 62 40
is_linear=0
shrinkage=0.05


Tree=16
num_leaves=14
num_cat=0
split_feature=7 9 7 4 13 5 5 17 10 3 7 13 5
split_gain=8.49287 7.90616 7.20566 6.66548 6.65822 5.67033 5.22265 3.39313 3.35313 3.10419 2.5413 0.263679 0.0144121
threshold=0.22967032967032971 30.131443331429459 0.60817572443127887 0.45374855725539548 0.13544969647903807 0.32911719886942575 0.66552884802794865 -0.11283419722796838 -0.057921461070878692 -0.79775679771660379 0.10804466438269257 0.50543588911525272 1.0374941276577279
decision_type=2 2 2 2 2 2 2 2 2 2 2 2 2
left_child=4 2 6 8 -1 -5 7 -2 -3 -4 -6 12 -11
right_child=1 3 9 5 10 -7 -8 -9 -10 11 -12 -13 -14
leaf_value=0.057727876010647786 0.0072243179665355001 0.056085608713286043 -0.0084375540710368568 0.018537924198703412 -0.0056260074072206146 -0.040522917504401811 0.023958889501671354 -0.040633812670370882 0.012282545114193789 -0.046881672178489639 0.031853977707499204 -0.035275243689981466 -0.049851301239938278
leaf_weight=9.6900073885917681 6.5658351778984061 8.4910811483860034 7.8471077382564571 8.1464575827121752 13.163374602794649 8.109440863132475 12.488671660423277 8.4961132556200045 8.9996785670518857 9.6010601781308704 6.8899691551923743 5.2234875261783591 7.1122071743011466
leaf_count=24 20 20 26 27 36 30 38 34 28 32 21 20 24
internal_value=0 -0.00707667 -0.0183784 0.0121247 0.023696 -0.0109253 5.1502e-05 -0.0197714 0.0335472 -0.0354265 0.00725144 -0.0450808 -0.0481454
internal_weight=0 91.0811 57.3345 33.7467 29.7434 16.2559 27.5506 15.0619 17.4908 29.7839 20.0533 21.9368 16.7133
internal_count=380 299 194 105 81 57 92 54 48 102 57 76 56
is_linear=0
shrinkage=0.05


Tree=17
num_leaves=16
num_cat=0
split_feature=2 3 13 10 14 15 4 9 7 17 6 6 10 9 17
split_gain=10.4644 13.2943 11.1207 10.3078 10.059 6.82063 9.51032 6.16022 2.06964 1.88877 2.76364 2.32921 0.825198 0.625756 0.193304
threshold=0.059870107539659163 1.2947189901370229 0.44442422719803371 -0.072827263360511277 0.56977136496086189 0.13674825334433491 0.29609192874316542 21.259999145199792 0.39612332112332116 0.87008655289771764 0.20894576194459516 0.30567425807511878 0.06969637145831982 16.71570931657838 1.6838004281312613
decision_type=2 2 2 2 2 2 2 2 2 2 2 2 2 2 2
left_child=1 4 5 -4 8 6 -2 13 -1 10 -7 -12 -10 -5 -11
right_child=2 -3 3 7 -6 9 -8 -9 12 14 11 -13 -14 -15 -16
leaf_value=0.034352764971164525 0.049722053363920694 -0.032758653705134526 0.06105418539294321 -0.0094055537919034843 -0.015525884560332562 0.0062286135886257567 -0.030033930417112987 0.037442203298910813 0.077080452371767041 -0.047577420037785548 -0.046564050774429384 -0.009999322016794935 0.05240572854215058 -0.029964781671569171 -0.036952034248420466
leaf_weight=6.57597284018994 7.2594301849603635 7.7474610209465018 9.2546248584985751 7.1350238025188464 6.0293992012739173 6.5179873257875469 7.7047718018293381 6.7878083288669577 9.3275522291660291 10.245741456747057 10.74959632754326 7.3219702243804923 5.321525126695632 7.6901764869689941 7.3519742041826239
leaf_count=22 26 20 34 21 17 21 21 23 36 26 28 26 19 20 20
internal_value=0 0.0250371 -0.00728374 0.0168993 0.0414663 -0.020345 0.00865727 -0.00200772 0.0576561 -0.0306324 -0.0216824 -0.0317493 0.0681169 -0.0200701 -0.0431383
internal_weight=0 35.0019 88.0191 30.8676 27.2544 57.1515 14.9642 21.613 21.2251 42.1873 24.5896 18.0716 14.6491 14.8252 17.5977
internal_count=380 114 266 98 94 168 47 64 77 121 75 54 55 41 46
is_linear=0
shrinkage=0.05


Tree=18
num_leaves=14
num_cat=0
split_feature=6 9 7 17 0 17 17 13 7 18 16 5 12
split_gain=11.9935 9.23395 7.87909 6.57042 8.18101 5.95943 4.91309 4.48522 5.87433 4.23188 0.687653 0.225908 0.00513429
threshold=0.22159094674694699 15.79322275641171 0.39612332112332116 0.49463845919040955 61.202993499170063 -0.2051278934986652 1.3250824522408591 0.38929200416678345 0.72284020327498599 1.7343975519518346 0.16995598069731271 0.82592891081784436 0.36982143174084725
decision_type=2 2 2 2 2 2 2 2 2 2 2 2 2
left_child=6 5 -3 7 -5 -2 10 8 -4 -6 12 -9 -1
right_child=1 2 3 4 9 -7 -8 11 -10 -11 -12 -13 -14
leaf_value=-0.045025054046039535 0.069938527149491322 0.043164921534703832 0.0256407917318008 0.039130843938807607 -0.03923854026271182 0.013609969964003491 0.0077073128167215515 -0.046449655523714585 -0.02998202796385693 0.016475550970829585 -0.026637303030702161 -0.0328321895950172 -0.046769759646714613
leaf_weight=8.7318449467420667 8.1634433194994944 8.6319015920162183 8.2476596236228961 13.035161510109903 8.1401250213384611 11.053407415747641 6.8088838756084433 10.939165592193602 11.182448297739027 5.863402158021926 6.4146731793880454 4.2207837253808966 8.1548194587230665
leaf_count=34 21 23 22 33 29 27 19 44 40 20 23 17 28
internal_value=0 0.00682574 -0.0015745 -0.00784084 0.0106245 0.0375387 -0.0296558 -0.022275 -0.00637135 -0.0159106 -0.0405737 -0.0426583 -0.0458676
internal_weight=0 89.4775 70.2606 61.6287 27.0387 19.2169 30.1102 34.5901 19.4301 14.0035 23.3013 15.1599 16.8867
internal_count=380 276 228 205 82 48 104 123 62 49 85 61 62
is_linear=0
shrinkage=0.05


Tree=19
num_leaves=13
num_cat=0
split_feature=6 12 12 7 1 13 2 1 10 13 0 0
split_gain=10.7006 5.92129 10.2562 7.64117 9.27129 6.54735 4.35981 3.7799 3.71985 3.57137 0.264185 0.0190872
threshold=0.16138912942497127 0.54011224104289224 0.210950111484699 0.82461836409204847 2.0800260067509275 0.34876493572743739 2.9387175040743081 2.8003228343234245 0.031675204565569048 0.13544969647903807 43.687726672012438 58.886660608512081
decision_type=2 2 2 2 2 2 2 2 2 2 2 2
left_child=9 2 6 4 5 -4 11 10 -9 -1 -3 -2
right_child=1 7 3 -5 -6 -7 -8 8 -10 -11 -12 -13
leaf_value=0.056445867402112264 -0.046154617829099041 -0.031956527717236886 -0.018967036688747677 -0.032727748544901507 0.057103951768513572 0.025188551265445776 0.0063023926963205121 -0.02504346546306568 0.030778260652943059 0.012970650967292162 -0.045965560783753717 -0.050194277534687005
leaf_weight=9.5978759676218051 7.6400032527744788 4.8768696188926723 14.430993944406508 8.0306932181119901 12.416563704609869 20.072460442781448 5.3541323989629737 8.4005536884069425 4.6288827508687964 9.3019500225782377 10.858352035284041 4.7371881902217865
leaf_count=23 32 17 46 31 32 55 17 36 13 26 36 16
internal_value=0 -0.00592857 0.00167076 0.01234 0.0200537 0.00672057 -0.031394 -0.0251304 -0.00521205 0.0350486 -0.0416237 -0.0477007
internal_weight=0 101.447 72.682 54.9507 46.92 34.5035 17.7313 28.7647 13.0294 18.8998 15.7352 12.3772
internal_count=380 331 229 164 133 101 65 102 49 49 53 48
is_linear=0
shrinkage=0.05


Tree=20
num_leaves=14
num_cat=0
split_feature=2 12 3 14 15 11 8 6 11 6 14 9 12
split_gain=9.55631 14.9268 12.0819 9.04501 5.88542 9.20207 4.08656 2.50492 2.27344 2.1895 3.72979 1.35781 0.737358
threshold=0.059870107539659163 0.62569554868614452 1.2947189901370229 0.56977136496086189 0.12312588900140953 0.51764350645082635 0.20462712630113039 0.48714267368581049 0.75001207574287732 0.26497824284792842 0.29742427886098982 44.325251283670489 0.4592636061557151
decision_type=2 2 2 2 2 2 2 2 2 2 2 2 2
left_child=2 4 3 8 5 -2 -3 9 -1 10 -6 -10 -11
right_child=1 6 -4 -5 7 -7 -8 -9 11 12 -12 -13 -14
leaf_value=0.072488805284952926 -0.024688003895539937 0.061089862611481152 -0.031765358737511296 -0.01494731217245119 -0.030746660253614423 0.051053656428474273 0.0064415875833486935 0.0035332802102191448 0.055297954614156819 -0.026511201209224119 0.0088015935133484227 0.021107238707018708 -0.046230927486105147
leaf_weight=9.6905270218849235 8.6421640962362307 8.699062839150427 7.6307488381862631 5.9874946922063819 19.377501472830776 7.4817720204591742 5.6381576955318442 7.3202525153756133 6.3855298012495023 7.0428196042776134 8.6109456270933133 5.3255146741867065 14.500454127788542
leaf_count=37 24 32 20 17 53 27 17 27 23 20 28 17 38
internal_value=0 -0.00704206 0.0238744 0.039376 -0.0162055 0.0104574 0.0395993 -0.0237674 0.054574 -0.0278021 -0.0185792 0.03975 -0.0397843
internal_weight=0 87.3131 35.0198 27.3891 72.9759 16.1239 14.3372 56.852 21.4016 49.5317 27.9884 11.711 21.5433
internal_count=380 266 114 94 217 51 49 166 77 139 81 40 58
is_linear=0
shrinkage=0.05


Tree=21
num_leaves=14
num_cat=0
split_feature=8 9 3 17 0 17 4 13 7 11 18 4 12
split_gain=7.68453 11.804 9.03931 8.5127 8.23391 4.53371 4.37999 2.88674 2.32756 1.63044 0.740756 0.285878 0.0153339
threshold=0.058132480220959966 16.025574273276288 1.1968835768773229 0.54258406354902011 56.102495682205422 1.3250824522408591 0.2390897233001083 0.4008028265595675 0.66180710396681375 0.44973944024186002 1.9654799187642689 1.437780533646688 0.45326341087839461
decision_type=2 2 2 2 2 2 2 2 2 2 2 2 2
left_child=2 8 5 7 -5 9 -6 -3 -2 -1 -9 12 -11
right_child=1 3 -4 4 6 -7 -8 10 -10 11 -12 -13 -14
leaf_value=-0.016582892089897643 0.019427745710861338 -0.0039871422180074749 0.019956803931591875 0.045968746161210688 0.014214277032168113 0.0085837853174066149 -0.045938345396050718 -0.046804165576096624 0.05797289192193808 -0.045084772107456414 -0.023744054312034798 -0.03232780507684016 -0.048437664401134645
leaf_weight=7.6070982664823559 6.0190954357385662 10.740210834890606 12.536946341395376 12.517017081379892 7.0607558637857419 6.66139993071556 5.2962085753679276 9.170297905802725 11.211951442062853 14.905763536691671 5.6147820353507987 4.8978439122438422 4.421485722064971
leaf_count=24 18 32 35 30 23 19 20 33 29 60 19 22 16
internal_value=0 0.00878355 -0.0169172 -0.00343046 0.0173859 -0.0289267 -0.0115672 -0.0237156 0.0445084 -0.0367764 -0.0380469 -0.0431175 -0.0458518
internal_weight=0 67.6303 51.0305 50.3993 24.874 38.4936 12.357 25.5253 17.231 31.8322 14.7851 24.2251 19.3272
internal_count=380 204 176 157 73 141 43 84 47 122 52 98 76
is_linear=0
shrinkage=0.05


Tree=22
num_leaves=13
num_cat=0
split_feature=6 8 17 2 9 7 9 8 8 7 5 8
split_gain=9.62072 6.55976 8.31559 6.34547 10.1791 7.55028 2.86193 2.85677 1.48262 0.205683 0.175416 0.00482161
threshold=0.16138912942497127 0.23334364826544954 0.60259267176827469 -0.95950230633124367 32.695702878648255 0.61474624960102153 61.91587925513182 -0.008791218423140644 0.064225885046240078 0.77383449394524162 0.33816991233393429 0.17045455239087937
decision_type=2 2 2 2 2 2 2 2 2 2 2 2
left_child=7 2 3 6 5 -5 9 -1 -4 -2 -10 -12
right_child=1 -3 8 4 -6 -7 -8 -9 10 -11 11 -13
leaf_value=0.056269402229834425 -0.047233734632417673 0.044522706976987951 -0.015858863946247803 0.017166718623680813 0.049468883932748862 -0.026801594072142623 -0.002219685155144157 0.016904184021639679 -0.034669649314928989 -0.033478508175328513 -0.04698798746546342 -0.044950362456088848
leaf_weight=7.8325115144252804 6.2685821652412432 6.1164987683296195 7.5707832574844387 20.97529710829258 11.913042217493055 18.267180766910315 8.1452502459287626 11.197961717844008 4.9512993991374996 4.7977377623319626 5.4484083205461484 6.2149337381124496
leaf_count=19 24 14 29 65 31 62 28 30 15 21 17 25
internal_value=0 -0.00565965 -0.00890589 -0.000212844 0.00898852 -0.00330032 -0.0247137 0.033106 -0.0341982 -0.0412702 -0.0425548 -0.0459022
internal_weight=0 100.669 94.5525 70.3671 51.1555 39.2425 19.2116 19.0305 24.1854 11.0663 16.6146 11.6633
internal_count=380 331 317 231 158 127 73 49 86 45 57 42
is_linear=0
shrinkage=0.05


Tree=23
num_leaves=10
num_cat=0
split_feature=0 12 8 15 7 8 7 14 7
split_gain=7.8922 9.23715 6.23616 10.6531 7.83577 10.908 4.2655 2.55711 1.15716
threshold=34.981801623778189 0.62569554868614452 0.095758998234729442 0.32549925704213328 0.15319905213270144 0.058132480220959966 0.60122814948764325 0.53957094323643184 0.020101010101010106
decision_type=2 2 2 2 2 2 2 2 2
left_child=-1 2 3 4 8 -6 -3 -4 -2
right_child=1 6 7 -5 5 -7 -8 -9 -10
leaf_value=0.047536805057187784 -0.022433831718565916 0.0073469635949557554 -0.0062556308988432098 0.049412724494894478 0.028510050093014067 -0.019448263004612165 0.0583073534440052 -0.043781389576387386 -0.047452358324707906
leaf_weight=8.7242802828550321 8.7747368067502993 8.2098020762205142 6.6521707922220257 9.1922749131917936 22.024854823946953 25.681472841650248 8.2151652276515943 14.295777857303618 9.7653205692768079
leaf_count=31 26 25 20 33 74 78 30 38 25
internal_value=0 -0.0018237 -0.00772987 -0.00102803 -0.00802714 0.00269293 0.0328355 -0.0318648 -0.0356115
internal_weight=0 112.812 96.3866 75.4387 66.2464 47.7063 16.425 20.9479 18.5401
internal_count=380 349 294 236 203 152 55 58 51
is_linear=0
shrinkage=0.05


end of trees

feature_importances:
volatility_regime=29
corr_btc_eth_20=29
trend_regime_slope=23
adx_14=22
bb_pct_upper=21
macd_line=19
cmf_20=18
corr_btc_eth_100=17
corr_btc_sol_20=15
macd_signal=14
ratio_btc_sol_norm=14
atr_pct_14=13
corr_btc_sol_100=13
rsi_14=12
macd_hist=11
volume_sma_ratio=11
ratio_btc_bnb_norm=9
bb_pct_lower=8
ratio_btc_eth_norm=2

parameters:
[boosting: gbdt]
[objective: multiclass]
[metric: multi_logloss]
[tree_learner: serial]
[device_type: cpu]
[data_sample_strategy: bagging]
[data: ]
[valid: ]
[num_iterations: 100]
[learning_rate: 0.05]
[num_leaves: 31]
[num_threads: 0]
[seed: 42]
[deterministic: 0]
[force_col_wise: 0]
[force_row_wise: 0]
[histogram_pool_size: -1]
[max_depth: 6]
[min_data_in_leaf: 20]
[min_sum_hessian_in_leaf: 0.001]
[bagging_fraction: 0.8]
[pos_bagging_fraction: 1]
[neg_bagging_fraction: 1]
[bagging_freq: 5]
[bagging_seed: 400]
[feature_fraction: 0.8]
[feature_fraction_bynode: 1]
[feature_fraction_seed: 30056]
[extra_trees: 0]
[extra_seed: 12879]
[early_stopping_round: 0]
[first_metric_only: 0]
[max_delta_step: 0]
[lambda_l1: 0]
[lambda_l2: 0]
[linear_lambda: 0]
[min_gain_to_split: 0]
[drop_rate: 0.1]
[max_drop: 50]
[skip_drop: 0.5]
[xgboost_dart_mode: 0]
[uniform_drop: 0]
[drop_seed: 17869]
[top_rate: 0.2]
[other_rate: 0.1]
[min_data_per_group: 100]
[max_cat_threshold: 32]
[cat_l2: 10]
[cat_smooth: 10]
[max_cat_to_onehot: 4]
[top_k: 20]
[monotone_constraints: ]
[monotone_constraints_method: basic]
[monotone_penalty: 0]
[feature_contri: ]
[forcedsplits_filename: ]
[refit_decay_rate: 0.9]
[cegb_tradeoff: 1]
[cegb_penalty_split: 0]
[cegb_penalty_feature_lazy: ]
[cegb_penalty_feature_coupled: ]
[path_smooth: 0]
[interaction_constraints: ]
[verbosity: -1]
[saved_feature_importance_type: 0]
[use_quantized_grad: 0]
[num_grad_quant_bins: 4]
[quant_train_renew_leaf: 0]
[stochastic_rounding: 1]
[linear_tree: 0]
[max_bin: 255]
[max_bin_by_feature: ]
[min_data_in_bin: 3]
[bin_construct_sample_cnt: 200000]
[data_random_seed: 175]
[is_enable_sparse: 1]
[enable_bundle: 1]
[use_missing: 1]
[zero_as_missing: 0]
[feature_pre_filter: 1]
[pre_partition: 0]
[two_round: 0]
[header: 0]
[label_column: ]
[weight_column: ]
[group_column: ]
[ignore_column: ]
[categorical_feature: ]
[forcedbins_filename: ]
[precise_float_parser: 0]
[parser_config_file: ]
[objective_seed: 16083]
[num_class: 3]
[is_unbalance: 0]
[scale_pos_weight: 1]
[sigmoid: 1]
[boost_from_average: 1]
[reg_sqrt: 0]
[alpha: 0.9]
[fair_c: 1]
[poisson_max_delta_step: 0.7]
[tweedie_variance_power: 1.5]
[lambdarank_truncation_level: 30]
[lambdarank_norm: 1]
[label_gain: ]
[lambdarank_position_bias_regularization: 0]
[eval_at: ]
[multi_error_top_k: 1]
[auc_mu_weights: ]
[num_machines: 1]
[local_listen_port: 12400]
[time_out: 120]
[machine_list_filename: ]
[machines: ]
[gpu_platform_id: -1]
[gpu_device_id: -1]
[gpu_use_dp: 0]
[num_gpu: 1]

end of parameters

pandas_categorical:[]
