tree
version=v4
num_class=1
num_tree_per_iteration=1
label_index=0
max_feature_idx=35
objective=binary sigmoid:1
feature_names=rsi_14 macd_line macd_signal macd_hist bb_pct_upper bb_pct_lower atr_pct_14 volatility_regime trend_regime_slope adx_14 cmf_20 volume_sma_ratio return_1 return_2 return_3 return_5 ma10_ratio ma30_ratio bb_zscore macd_hist_ratio volume_ratio fft_real fft_imag corr_btc_eth_20 corr_btc_sol_20 corr_btc_eth_100 corr_btc_sol_100 ratio_btc_eth_norm ratio_btc_sol_norm ratio_btc_bnb_norm btc_funding_rate funding_mom_1 funding_mom_3 funding_spread_eth funding_spread_sol funding_spread_bnb
feature_infos=[1.7052375151928487:96.682847885490133] [-185.54177418330801:265.45353303023876] [-163.68078891236516:212.35291791497701] [-60.748274388179226:96.736058588438453] [-0.33921530904669128:1.5083257334925264] [-0.22001357900849361:2.4517280258737935] [0.0042525577293080642:0.32918684768652862] [0.0023923444976076554:1] [-0.12622711057883951:0.13238819372862778] [6.4138840784796542:86.812081552027877] [-0.47601387353290103:0.56706308237257963] [0.13086625622178968:11.731593530101083] [-0.005894935981057059:0.0072354040415032461] [-0.0059443953285646112:0.0082132873982083687] [-0.0055968768502072663:0.0094115765909816851] [-0.0072514690067603249:0.012585545251039276] [-0.0054456469945002948:0.0074700652507135286] [-0.0087180949426400398:0.013987709999029338] [-3.6430032965473664:3.7923305571326908] [-0.0036141841096032266:0.002720314421104987] [0.13086625622178968:11.731593530101083] [-2189.7318941938665:2142.7665653260874] [-2987.1749667771833:3433.3225553685825] [0.99999999999904921:1] [0.99999999999904921:1] [0:1.0000000000000047] [0:1.0000000000000047] none none none none none none none none none
tree_sizes=2463 2774 2350 2226 2568 2037 1831 1400 1840 1711 2144 2240 2151 2032 2144 1606 1405 1510 1603 1921 1923 2338 2042 2473 2127 2267

Tree=0
num_leaves=22
num_cat=0
split_feature=24 22 6 10 26 9 17 24 3 7 5 9 19 3 10 4 17 22 14 6 0
split_gain=32.8795 22.8393 18.9642 17.2027 14.0875 13.6205 13.3866 12.5516 14.7962 11.9928 9.8004 8.14175 8.11299 7.99312 5.22149 5.12403 8.60663 4.1153 2.73388 0.862157 0.35109
threshold=0.99999999999995659 -412.6508822835047 0.098810192219122031 -0.15482615029441324 0.9999999999999879 40.602637022576467 -0.00086661867595092055 0.99999999999998546 4.8530771175908241 0.70825251335977013 0.083756666459959689 30.407724063549225 -7.6764948787784516e-05 -10.508079380546443 -0.0058240440026056644 0.51176942013389648 -0.0030797897496271293 420.79764872870612 -0.00020179873708059401 0.034126222161384591 52.351417345572138
decision_type=2 2 2 2 2 2 2 2 2 2 2 2 2 2 2 2 2 2 2 2 2
left_child=10 2 6 11 -5 15 -2 8 -6 -9 12 17 -1 -13 -7 20 -17 18 -3 -14 -4
right_child=1 3 5 4 7 14 -8 9 -10 -11 -12 13 19 -15 -16 16 -18 -19 -20 -21 -22
leaf_value=0.01258785191153943 0.021101680511793092 0.021644039040400818 -0.065158852369175985 -0.05703327097579533 -0.01252098764618549 -0.031653589605646029 -0.031653589605646036 0.0042439317592159291 -0.065158852369175999 -0.014891629738338588 -0.013845357609973519 0.021644039040400832 0.054841993090324268 -0.028736607073991192 0.011096154174944977 -0.053606382591621225 0.00079233384498857227 0.0071425738808848175 0.048893851639965243 0.039790240093230012 -0.054563881868608138
leaf_weight=10.055656492710117 10.494200572371485 5.6883442401886013 10.228836596012117 5.0638912618160239 20.324220627546314 4.9123101532459259 7.368465229868888 85.373761340975761 6.2946686744689933 45.021153256297112 4.8112560808658591 5.6883442401885986 7.5435746312141418 5.6486167013645154 5.3959815204143506 7.8358597159385681 3.9305810183286649 5.6910441089421502 7.9369914233684566 6.2730696797370911 3.8836408853530875
leaf_count=37 37 20 52 25 84 22 33 327 32 188 20 20 22 25 20 40 18 26 24 20 19
internal_value=-0.00531797 -0.00871899 -0.025953 -0.00388586 -0.00778368 -0.0384379 -0.00066021 -0.00619532 -0.0249685 -0.00236296 0.0252157 0.0167236 0.0330882 -0.00345801 -0.0092758 -0.050054 -0.0354345 0.0285684 0.0375175 0.0480082 -0.0622432
internal_weight=0 246.781 54.0499 192.731 162.078 36.1872 17.8627 157.014 26.6189 130.395 28.6836 30.6533 23.8723 11.337 10.3083 25.8789 11.7664 19.3164 13.6253 13.8166 14.1125
internal_count=1111 1012 241 771 656 171 70 631 116 515 99 115 79 45 42 129 58 70 44 42 71
is_linear=0
shrinkage=1


Tree=1
num_leaves=25
num_cat=0
split_feature=23 22 9 10 6 19 10 15 4 23 10 21 5 17 5 9 19 4 3 17 22 14 11 4
split_gain=30.9456 21.4998 17.9806 16.1898 14.3726 13.5595 16.7557 13.2128 12.0711 11.4016 11.2394 9.44511 9.22584 9.01708 8.08301 7.66346 7.64477 7.58314 7.52186 6.46352 3.87592 2.57704 0.84787 0.000324985
threshold=0.99999999999995659 -412.6508822835047 43.906216078180869 -0.15482615029441324 0.10024427588233824 -0.00052842151264007639 0.1669886306335219 0.00086610515753082773 0.21404371023344185 0.99999999999998024 -0.019611834261499868 -444.67095338295627 0.083756666459959689 -3.6986299694326303e-05 0.24701221792550518 30.407724063549225 -7.6764948787784516e-05 0.51176942013389648 -10.508079380546443 -0.0030797897496271293 420.79764872870612 -0.00020179873708059401 0.92701855208233586 0.23695791697245466
decision_type=2 2 2 2 2 2 2 2 2 2 2 2 2 2 2 2 2 2 2 2 2 2 2 2
left_child=12 2 4 15 10 6 7 -5 -8 13 -2 -11 16 -7 -4 20 -1 23 -17 -19 21 -3 -18 -6
right_child=1 3 14 5 17 9 8 -9 -10 11 -12 -13 -14 -15 -16 18 22 19 -20 -21 -22 -23 -24 -25
leaf_value=0.017369214310241483 0.011879845296205595 0.026156047533411834 0.033002377470867636 0.026403112015777698 -0.058480147191088599 -0.0037418590168024554 0.0014620538992214627 -0.0089546792049282394 -0.052729796526990787 -0.037533104321889686 -0.04289381946906292 -0.0021858587731908071 -0.008271908176529532 -0.054142105438489227 -0.01726745026543396 0.026156047533411848 0.058536111683620183 -0.03995657216970773 -0.022720664010055819 0.005926952398973985 0.012086796471477541 0.052616814520370876 0.043605318003070055 -0.058156450574167344
leaf_weight=10.055328816175464 10.300678312778471 5.6877182722091701 7.0592507272958738 35.748309701681137 3.9310509264469173 5.1539801955223092 10.06086418032646 12.960423201322554 5.8505493551492682 7.4685312509536734 5.0122534632682791 76.4172333329916 4.8110593855381003 8.4044762402772868 4.861041784286499 5.6877182722091675 7.5388123989105225 9.3025429248809797 5.6474904716014844 3.9306080639362326 5.6910115871578446 7.9323053359985378 6.2697773575782776 9.6290540695190412
leaf_count=37 39 20 24 126 20 21 40 54 29 35 24 309 20 42 21 20 22 46 25 18 26 24 20 49
internal_value=0 -0.00329965 -0.0200248 0.00138926 -0.0292334 -0.00239198 0.00826401 0.0169951 -0.018464 -0.0094585 -0.00604876 -0.0053329 0.0296267 -0.0349834 0.0125026 0.0213853 0.0372672 -0.0424839 0.00180442 -0.0263279 0.032879 0.0415668 0.0517568 -0.0582503
internal_weight=0 246.737 54.0265 192.711 42.1062 162.064 64.6201 48.7087 15.9114 97.4442 15.3129 83.8858 28.675 13.5585 11.9203 30.6462 23.8639 26.7933 11.3352 13.2332 19.311 13.62 13.8086 13.5601
internal_count=1111 1012 241 771 196 656 249 180 69 407 63 344 99 63 45 115 79 133 45 64 70 44 42 69
is_linear=0
shrinkage=0.03


Tree=2
num_leaves=21
num_cat=0
split_feature=23 22 6 10 2 26 8 8 18 9 8 17 9 10 4 17 0 22 14 16
split_gain=29.146 20.2534 16.9983 15.2451 12.9679 12.9118 12.8577 30.6902 20.5361 12.1836 10.4785 14.305 7.2206 4.73545 4.54584 7.70578 4.38093 3.65899 2.43925 0.344028
threshold=0.99999999999995659 -412.6508822835047 0.098810192219122031 -0.15482615029441324 -25.844948105743466 0.9999999999999879 -0.0081854529822647168 0.0066876028428762254 1.3322387620503233 40.602637022576467 0.016839264858442334 1.9258617958321586e-05 30.407724063549225 -0.0058240440026056644 0.51176942013389648 -0.0030797897496271293 40.176239079865319 420.79764872870612 -0.00020179873708059401 0.00037844538782368992
decision_type=2 2 2 2 2 2 2 2 2 2 2 2 2 2 2 2 2 2 2 2
left_child=10 2 4 12 -2 -5 8 -8 -7 14 -1 -12 17 -11 19 -16 -14 18 -3 -4
right_child=1 3 9 5 -6 6 7 -9 -10 13 11 -13 16 -15 15 -17 -18 -19 -20 -21
leaf_value=0.055370232839403941 0.027800915919458644 0.025383043514563865 -0.056688963921198446 -0.049514117661916372 -0.023557184696632219 0.033769110472097262 -0.047205562864112871 0.0004164034956433125 -0.034815732858642034 -0.025023196752169644 0.038980111347657172 -0.012760735443995546 0.02082572599513528 0.015699018278923262 -0.045742729342186525 0.0057492103781434023 -0.016492928067028245 0.011725137398997087 0.051140712977331582 -0.046183568907819481
leaf_weight=9.0949250012636202 9.7535732537508029 5.6851360797882107 10.19324827194214 5.0547937750816336 8.0990132540464383 18.873757973313335 13.56059257686138 119.58285877108574 4.9622477591037741 4.9087539464235306 11.015997156500818 8.5351743996143323 5.5389393270015699 5.3943261504173261 7.8187911361455917 3.9305643104016763 5.7911155819892883 5.6905580312013617 7.9166354835033443 3.8709125369787207
leaf_count=27 34 20 52 25 36 64 66 478 23 22 36 36 20 20 40 18 25 26 24 19
internal_value=0 -0.00320226 -0.0194454 0.00134795 0.00450177 -0.00232074 -0.000801092 -0.00443387 0.0194909 -0.0312826 0.0287675 0.0163924 0.0207603 -0.00370249 -0.0422907 -0.0285169 0.00175109 0.0319241 0.0403748 -0.0537975
internal_weight=0 246.626 53.9692 192.657 17.8526 162.034 156.979 133.143 23.836 36.1166 28.6461 19.5512 30.6224 10.3031 25.8135 11.7494 11.3301 19.2923 13.6018 14.0642
internal_count=1111 1012 241 771 70 656 631 544 87 171 99 72 115 42 129 58 45 70 44 71
is_linear=0
shrinkage=0.03


Tree=3
num_leaves=20
num_cat=0
split_feature=23 22 9 10 25 8 8 18 8 17 2 8 0 5 9 3 22 4 7
split_gain=27.4625 19.0921 16.1509 14.361 12.1836 12.1012 28.9116 19.3287 9.90926 13.4825 9.19424 12.6075 8.70377 7.38066 6.81151 6.88624 3.46156 1.82229 0.519123
threshold=0.99999999999995659 -412.6508822835047 43.906216078180869 -0.15482615029441324 0.9999999999999879 -0.0081854529822647168 0.0066876028428762254 1.3322387620503233 0.016839264858442334 1.9258617958321586e-05 -49.645822661171493 -0.0052798820525297987 30.878529612829897 0.24701221792550518 30.407724063549225 -10.508079380546443 420.79764872870612 0.29602625934675603 0.66027129414640118
decision_type=2 2 2 2 2 2 2 2 2 2 2 2 2 2 2 2 2 2 2
left_child=8 2 10 14 -5 7 -7 -6 -1 -10 18 -12 -13 -4 16 -16 17 -3 -2
right_child=1 3 13 4 5 6 -8 -9 9 -11 11 12 -14 -15 15 -17 -18 -19 -20
leaf_value=0.053858493473919564 -0.056477112582692238 0.049570491460923079 0.031539707796356044 -0.048157087962431538 0.032764931199438907 -0.045840275221551791 0.00040391065448714303 -0.033787879451570406 0.037870125722603461 -0.012375991580407928 0.010819217500785343 -0.0025730879076154285 -0.043628042192373574 -0.016515524427044639 0.025009735072457552 -0.02177534298651981 0.011375081460797591 0.027540715134502534 -0.042839783001596417
leaf_weight=9.070049926638605 6.8483034968376142 7.2146553397178703 7.0521767586469633 5.0415062308311454 18.868685141205791 13.545732110738752 119.58302929997444 4.9598365724086753 10.998954370617868 8.5364782810211164 8.8949809782206994 6.6109495609998765 15.648070491850374 4.8578800857067108 5.6828335225582123 5.6431329548358899 5.6897209938615552 6.3571075201034546 3.9676879048347473
leaf_count=27 35 22 24 25 64 66 478 23 36 36 35 27 77 21 20 25 26 22 22
internal_value=0 -0.00310841 -0.0188942 0.00130801 -0.00225171 -0.000777221 -0.00430139 0.0189122 0.0279451 0.0159139 -0.0276439 -0.0193705 -0.0314347 0.0119389 0.0201612 0.00169919 0.031017 0.0392516 -0.0514745
internal_weight=0 246.466 53.88 192.586 161.999 156.957 133.129 23.8285 28.6055 19.5354 41.97 31.154 22.259 11.9101 30.5875 11.326 19.2615 13.5718 10.816
internal_count=1111 1012 241 771 656 631 544 87 99 72 196 139 104 45 115 45 70 44 57
is_linear=0
shrinkage=0.03


Tree=4
num_leaves=23
num_cat=0
split_feature=23 22 10 19 22 10 8 16 8 17 17 1 19 10 8 25 3 14 17 8 17 2
split_gain=25.8946 17.9994 13.5347 12.2473 16.264 11.9691 10.9975 13.4798 9.39483 12.7167 7.99311 9.80761 14.7843 8.48805 7.84741 7.41026 6.27317 5.14265 6.11115 3.3389 3.32095 2.5359
threshold=0.99999999999995659 -412.6508822835047 -0.15482615029441324 -0.00052842151264007639 942.24174196222702 0.19122247813199456 -0.046585334219038974 0.0012575199454340684 0.016839264858442334 1.9258617958321586e-05 -3.6986299694326303e-05 -64.514976245452985 0.00029925867713224193 0.048668806605666838 0.10481464012061449 0.999999999999999 -13.714327347388581 -0.0014574864505737526 -0.0020102095085041739 0.0013374657956959227 -0.0007056283531866695 -77.525630321915301
decision_type=2 2 2 2 2 2 2 2 2 2 2 2 2 2 2 2 2 2 2 2 2 2
left_child=8 10 17 4 14 -6 -5 -8 -1 -10 11 13 16 21 -4 -14 -13 -3 -19 -12 -20 -2
right_child=1 2 3 6 5 -7 7 -9 9 -11 19 12 15 -15 -16 -17 -18 18 20 -21 -22 -23
leaf_value=0.052461892143699243 -0.05588476194223832 -0.011646907128120306 0.025151856539851934 0.022859525889526094 -0.00030209903845167219 -0.05156890167230866 -0.018201050294185946 0.010410188960795656 0.036817210474497201 -0.012003851134485549 -0.021819387327144023 -0.010593711245477229 0.034425695572878563 0.0023993759431679279 -0.0070729187687428299 -0.0094241015725894817 -0.056419999926287066 0.05807371326866561 0.00030266598745551506 -0.055692275113061629 0.025711993722610127 -0.026465537094817772
leaf_weight=9.0327026695013064 7.2244602143764505 4.1059404872357872 34.167471051216125 8.9106321632862073 16.485797524452213 5.4546610713005057 69.590589955449104 18.830271914601326 10.974459961056711 8.5370805263519269 4.5096564590930921 7.780958890914917 9.48708727955818 4.807106625288724 8.4915494471788389 5.4673729054629794 4.107718110084539 4.1068560779094758 6.5525420308113178 6.247134655714035 15.772482240572561 4.1528515070676777
leaf_count=27 37 19 121 32 66 27 303 72 36 36 20 33 32 21 35 26 21 12 26 32 58 19
internal_value=0 -0.003018 0.00126953 -0.00218524 0.00794192 -0.0130476 -0.0089067 -0.0121079 0.0271664 0.015456 -0.0183611 -0.0125785 -0.00145706 -0.0310243 0.0187373 0.0183941 -0.0264274 0.019589 0.0244412 -0.0414915 0.0182542 -0.0451464
internal_weight=0 246.253 192.469 161.931 64.5995 21.9405 97.3315 88.4209 28.5442 19.5115 53.7843 43.0276 26.8431 16.1844 42.659 14.9545 11.8887 30.5378 26.4319 10.7568 22.325 11.3773
internal_count=1111 1012 771 656 249 93 407 375 99 72 241 189 112 77 156 58 54 115 96 52 84 56
is_linear=0
shrinkage=0.03


Tree=5
num_leaves=18
num_cat=0
split_feature=24 19 7 2 22 21 24 6 5 22 13 17 15 12 6 5 4
split_gain=29.7982 11.6721 10.9708 9.9509 14.6461 11.2931 10.7324 8.9982 12.3927 8.03241 8.90611 8.02129 5.94543 5.88204 3.34444 0.841215 0.311468
threshold=0.99999999999995659 0.0011946123287305986 0.84010173768515317 -29.641043424898989 -503.6038418382073 344.48270179245634 0.99999999999998823 0.090415261232522762 0.21087837133756068 146.66945057737618 9.0322318118007963e-05 -0.0038564004835054161 0.002189857797847639 0.00029505023529330382 0.10144089816002158 0.036718645373773874 0.20764150468740791
decision_type=2 2 2 2 2 2 2 2 2 2 2 2 2 2 2 2 2
left_child=9 3 16 7 13 6 -6 -2 11 10 15 -9 -7 14 -5 -1 -3
right_child=1 2 -4 4 5 12 -8 8 -10 -11 -12 -13 -14 -15 -16 -17 -18
leaf_value=0.041132541987846757 0.037981516052910815 -0.056459400614257811 0.0040482045080951143 -0.0015343852390377114 -0.010546532999209149 -0.028592197180631562 0.0070766194638830363 -0.045026625041372156 0.031078034849330367 -0.0022707108562020901 0.010357072952974215 0.0015399840579327466 0.0050436344732220969 -0.055401089760146724 -0.0322234446659821 0.054897342144919758 -0.044835038805818905
leaf_weight=6.8924758434295752 9.7643596678972226 4.4990673959255201 5.3124891202896825 5.8698074072599429 43.850721642374992 18.349583283066753 106.96384142525494 4.6575479768216637 9.6944710575044137 5.994563788175582 7.9106500297784796 11.672844827175142 6.3719138503074637 5.4584547579288474 7.0158747732639313 9.5080815255641919 3.8495447635650635
leaf_count=22 32 23 23 24 185 83 418 24 38 24 30 47 25 28 33 28 19
internal_value=0 -0.00271328 -0.0296538 -0.00111082 -0.00379376 -0.00112825 0.00195253 0.0134234 0.00420934 0.0288326 0.0365019 -0.0117412 -0.0199226 -0.0293002 -0.0182437 0.0491126 -0.0510994
internal_weight=0 243.331 13.6611 229.669 193.88 175.536 150.815 35.7892 26.0249 30.3058 24.3112 16.3304 24.7215 18.3441 12.8857 16.4006 8.34861
internal_count=1106 1002 65 937 796 711 603 141 109 104 80 71 108 85 57 50 42
is_linear=0
shrinkage=0.03


Tree=6
num_leaves=16
num_cat=0
split_feature=24 19 8 7 21 4 16 15 19 15 8 17 15 14 4
split_gain=28.1189 11.015 18.4776 10.3897 8.82506 12.5897 9.07135 21.6346 13.079 7.76885 7.23429 11.9099 6.47248 5.71552 0.294919
threshold=0.99999999999995659 0.0011946123287305986 -0.050894723480708316 0.84010173768515317 344.48270179245634 0.48246750626612761 0.0012575199454340684 0.0010250031933968231 -4.9002879659306154e-05 0.00028310427680666722 0.016839264858442334 0.00027345778883528036 -0.0010638605982761227 -0.0002098635703820517 0.20764150468740791
decision_type=2 2 2 2 2 2 2 2 2 2 2 2 2 2 2
left_child=10 2 -2 14 6 9 7 -4 -8 -6 -1 13 -7 -12 -3
right_child=1 3 4 -5 5 12 8 -9 -10 -11 11 -13 -14 -15 -16
leaf_value=0.04866933087997672 0.0400866685490689 -0.055010959897711514 0.0006412759800112595 0.0039261379469465287 -0.048845778590314651 0.039272417497438365 0.0025758097526763658 -0.038213667718583748 0.049849755977656569 -0.015036919622243591 0.0048385893164949959 -0.024111666138681532 -0.011066589975491896 0.043524857576485977 -0.043675336530914113
leaf_weight=10.163985669612886 9.4114263057708722 4.4792887121438962 144.26266274787486 5.3133153673261395 9.3003394752740878 4.5791862681508064 17.889043897390369 14.16355577111244 7.4650684073567382 17.871187448501587 5.1988085806369808 4.712766006588935 4.6162192560732347 10.142356112599371 3.8334464728832245
leaf_count=31 31 23 581 23 46 16 71 67 24 77 20 21 24 32 19
internal_value=0 -0.00263373 -0.00107818 -0.0288401 -0.002838 -0.0163407 -0.00016606 -0.00283242 0.0164948 -0.0266091 0.0280509 0.0176009 0.0140015 0.0304149 -0.0497835
internal_weight=0 243.185 229.559 13.6261 220.147 36.3669 183.78 158.426 25.3541 27.1715 30.2179 20.0539 9.19541 15.3412 8.31274
internal_count=1106 1002 937 65 906 163 743 648 95 123 104 73 40 52 42
is_linear=0
shrinkage=0.03


Tree=7
num_leaves=12
num_cat=0
split_feature=23 10 25 8 22 9 3 22 13 8 5
split_gain=26.5593 9.36979 14.4737 19.9413 12.2744 10.1421 8.15778 7.51636 8.26479 7.33895 0.768145
threshold=0.99999999999995659 -0.27370226610428811 0.9999999999999879 -0.074562784157959375 -849.82416517151876 28.349445773356308 6.5391460217900645 146.66945057737618 9.0322318118007963e-05 -0.01648328143965264 0.036718645373773874
decision_type=2 2 2 2 2 2 2 2 2 2 2
left_child=7 -2 6 -4 9 -6 -3 8 10 -5 -1
right_child=1 2 3 4 5 -7 -8 -9 -10 -11 -12
leaf_value=0.039368748379830933 0.028143652770963964 -0.0065875628835674613 0.053705083585013726 -0.053855116533954091 0.0026132527134541351 -0.013138636849394054 -0.05458152680397492 -0.0027952764516460814 0.0095877167681901986 -0.012826693846353576 0.052585644497013175
leaf_weight=6.8358269482851126 8.6298653632402402 5.5083686858415586 5.6612244844436637 6.1994386613369015 150.08903318829834 48.732938300818205 7.5648628026247025 5.9783660620450965 7.8874920308589926 10.689456678926943 9.3990976810455305
leaf_count=22 30 23 17 32 600 211 39 24 30 50 28
internal_value=0 -0.00255609 -0.00368614 -0.00187471 -0.00333338 -0.00124767 -0.0343594 0.0273178 0.0347809 -0.0278871 0.0470206
internal_weight=0 243.075 234.445 221.372 215.711 198.822 13.0732 30.1008 24.1224 16.8889 16.2349
internal_count=1106 1002 972 910 893 811 62 104 80 82 50
is_linear=0
shrinkage=0.03


Tree=8
num_leaves=16
num_cat=0
split_feature=23 19 8 7 21 4 16 15 19 8 22 13 15 19 13
split_gain=25.0864 9.90045 16.8046 9.45537 8.22828 11.9608 8.57178 20.2983 12.2738 7.44368 7.13146 7.89365 6.04879 0.789564 0.29094
threshold=0.99999999999995659 0.0011946123287305986 -0.050894723480708316 0.84010173768515317 344.48270179245634 0.48246750626612761 0.0012575199454340684 0.0010250031933968231 -4.9002879659306154e-05 0.051452281651866917 146.66945057737618 9.0322318118007963e-05 -0.0010638605982761227 -7.6764948787784516e-05 3.3226655644424958e-05
decision_type=2 2 2 2 2 2 2 2 2 2 2 2 2 2 2
left_child=10 2 -2 14 6 9 7 -4 -8 -6 11 13 -7 -1 -3
right_child=1 3 4 -5 5 12 8 -9 -10 -11 -12 -13 -14 -15 -16
leaf_value=0.037486643002502762 0.038281467542038504 -0.041747683714151995 0.00066112394784442719 0.0038112844995314729 -0.016142631433105688 0.038278995813438958 0.0026088665552246445 -0.037008320250911296 0.048420367220080501 -0.051441863194889574 -0.0027108995656483273 0.009304719784074619 -0.010395297125416508 0.051152525079804577 -0.053043218898151161
leaf_weight=6.1545366048812928 9.3949719965457898 3.9745100140571576 144.22655592858791 5.3002508878707877 19.74466156959534 4.5768668465316296 17.886988043785099 14.136169195175169 7.4581048153340808 7.3883602023124686 5.979492023587226 7.8836220353841773 4.6144800633192045 9.9670799672603625 4.243327260017395
leaf_count=20 31 20 581 23 86 16 71 67 24 37 24 30 24 30 22
internal_value=0 -0.00248097 -0.00101093 -0.0274303 -0.00268864 -0.0157352 -0.000108952 -0.00270142 0.0160895 -0.0257547 0.0266035 0.0339055 0.0138423 0.0459355 -0.0475802
internal_weight=0 242.945 229.427 13.5181 220.032 36.3244 183.708 158.363 25.3451 27.133 29.9847 24.0052 9.19135 16.1216 8.21784
internal_count=1106 1002 937 65 906 163 743 648 95 123 104 80 40 50 42
is_linear=0
shrinkage=0.03


Tree=9
num_leaves=15
num_cat=0
split_feature=6 10 25 8 6 22 17 10 6 9 10 15 4 10
split_gain=23.8108 12.5904 17.9275 17.3846 14.1376 13.4885 12.446 9.42632 8.42271 12.5973 4.21172 3.11254 2.35662 1.05388
threshold=0.035732190088794698 -0.15482615029441324 0.9999999999999879 -0.074562784157959375 0.066780139900481483 -849.82416517151876 -0.0020102095085041739 -0.27956653898554307 0.14935568741142338 28.088737504868185 0.10737240764274415 -0.0013499635314283551 0.36866491163821352 -0.21916817104196931
decision_type=2 2 2 2 2 2 2 2 2 2 2 2 2 2
left_child=10 4 12 -4 13 11 -7 -6 9 -9 -1 -5 -3 -2
right_child=1 2 3 5 7 6 -8 8 -10 -11 -12 -13 -14 -15
leaf_value=0.018604028986705507 0.030176085157077235 -0.053226257153626978 0.050754621509100303 -0.013331187720341578 0.036986128289242998 0.030909847132943251 -0.0041979946757010594 0.0074110719812553036 0.018540022658253802 -0.043265812085253402 0.045866984569032966 -0.04608556411656143 -0.023674914281457165 0.047757952615415697
leaf_weight=10.491657063364984 5.5762128978967667 6.9096724539995176 5.2916606664657584 3.8823623657226562 5.7462984621524766 9.6005847305059415 170.18215368688107 9.0338300019502729 8.8213419206440431 8.6340407729148847 9.9234963804483396 7.973858777433632 3.745119035243988 6.8224344104528409
leaf_count=38 19 36 16 17 19 35 698 35 38 42 31 44 17 21
internal_value=0 -0.00182859 -0.00493663 -0.00288595 0.0126264 -0.0043671 -0.0023232 0.00215516 -0.00540071 -0.017354 0.0318561 -0.03536 -0.0428391 0.0398506
internal_weight=0 252.22 207.585 196.931 44.6342 191.639 179.783 32.2355 26.4892 17.6679 20.4152 11.8562 10.6548 12.3986
internal_count=1106 1037 863 810 174 794 733 134 115 77 69 61 53 40
is_linear=0
shrinkage=0.03


Tree=10
num_leaves=19
num_cat=0
split_feature=22 6 10 25 13 4 3 9 2 6 13 14 3 23 17 11 7 22
split_gain=14.4146 14.5431 15.0178 11.944 8.36385 9.21799 9.95509 9.87222 7.72788 9.18572 10.7935 11.3243 7.30449 20.3374 11.5087 3.74973 3.46135 0.594343
threshold=-473.32937515396179 0.017571886128337964 1.0000000180025095e-35 0.99999999999998301 0.0013596505159112484 0.067539826558782032 19.113555192954855 17.054713643404728 -15.641889780682392 0.096536136834641836 0.001079097788322825 -0.00123453249170663 5.4415070593029045 0.99999999999999523 -0.0007056283531866695 0.82051868674832751 0.8210376794258375 -969.44063508698116
decision_type=2 2 2 2 2 2 2 2 2 2 2 2 2 2 2 2 2 2
left_child=8 -2 3 -3 5 6 -4 -7 9 -1 11 -11 14 -14 -5 -10 -6 -13
right_child=1 2 4 12 16 7 -8 -9 15 10 -12 17 13 -15 -16 -17 -18 -19
leaf_value=0.017292049256912773 0.050026618867882948 -0.026188508085990617 -0.037583904103176149 0.0022923982537452312 0.024836718724537261 -0.017821353459405213 0.0031527576605764316 0.0039995513952649393 -0.053157932836133577 0.003647382898495883 0.014378228663824292 -0.051023426938128752 -0.045145317969702094 0.022109569714141478 0.026905425912516746 -0.019540009585306183 -0.0050185229907739829 -0.038025991514544728
leaf_weight=8.9341817647218686 5.5834596157073966 7.6203163564205161 17.355587750673298 28.328398376703262 10.133352935314177 29.676238924264908 7.8370061963796607 50.267536871135235 6.1726002097129804 6.2597839199006566 6.8490042611956587 7.4434821791946888 6.7466119080781946 10.111396711319685 43.127869233489037 5.7842952013015747 5.3350696712732306 5.5105041153728997
leaf_count=33 17 35 82 112 36 129 31 199 32 27 28 40 33 38 151 26 22 28
internal_value=0 0.00222197 0.00098933 0.00984764 -0.00605698 -0.0090873 -0.0249114 -0.00410067 -0.0160729 -0.00895894 -0.0179576 -0.0294842 0.0129571 -0.00480598 0.0171477 -0.0368948 0.0145396 -0.0454944
internal_weight=0 222.123 216.539 95.9346 120.605 105.136 25.1926 79.9438 46.9539 34.997 26.0628 19.2138 88.3143 16.858 71.4563 11.9569 15.4684 12.954
internal_count=1099 885 868 369 499 441 113 328 214 156 123 95 334 71 263 58 58 68
is_linear=0
shrinkage=0.03


Tree=11
num_leaves=20
num_cat=0
split_feature=22 10 7 8 6 2 3 17 21 14 4 23 20 6 20 9 15 8 21
split_gain=13.6084 14.215 10.4922 8.67272 7.35117 7.32119 9.03657 11.7593 6.94348 10.6407 10.0762 6.67355 5.47038 5.01121 3.59079 3.5325 3.10229 2.76842 2.32857
threshold=-473.32937515396179 -0.15482615029441324 0.0088758173367296054 0.020348394294338757 0.05916055422308996 -15.641889780682392 13.965837123027868 -0.0015595608984161501 628.35641336658489 0.0019953452436157764 0.067539826558782032 0.99999999999998612 1.1751089511834745 0.18065673917652317 0.82051868674832751 40.602637022576467 0.0031429331191552561 0.030212979087232115 74.564594943085112
decision_type=2 2 2 2 2 2 2 2 2 2 2 2 2 2 2 2 2 2 2
left_child=5 4 3 -3 -2 6 7 12 9 10 -4 -6 15 -10 -7 -1 -11 18 -13
right_child=1 2 8 -5 11 14 -8 -9 13 16 -12 17 -14 -15 -16 -17 -18 -19 -20
leaf_value=-0.03665647258079336 0.042664669116159001 0.0483782989337877 -0.018325522794265716 -0.0011535308339378782 -0.017363320060944765 -0.051964312047434159 -0.044899179134771358 0.029507018456837966 -0.043990270298280759 0.035621712930870852 0.00036166246121135021 -0.0047290458461556354 0.0052186392432960983 -0.0021686054783422917 -0.018989789030132421 -0.0041173541770546593 0.0073691816881423311 0.034147213798279751 0.023478803182806492
leaf_weight=8.7743758447468299 9.4465080052614194 6.8062385916709882 33.302480325102806 5.973883643746376 5.5671400278806713 6.1256530433893186 5.2733429670333853 7.7401058375835445 6.1560743451118451 8.0665685236453992 117.92301200330257 4.9369272552430647 8.549725875258444 4.4372036755084991 5.7734997421503067 4.5648701488971701 6.1760725229978553 7.4977580755949012 5.6460025440901518
leaf_count=48 30 21 146 24 24 32 27 27 30 27 473 21 35 19 26 19 24 25 21
internal_value=0 0.00215731 -0.0010211 0.0252254 0.0202938 -0.0156437 -0.00871562 -0.00227572 -0.0029263 -0.00141888 -0.00375358 0.0113574 -0.0135143 -0.0264724 -0.035965 -0.0255211 0.0233705 0.0202007 0.0103199
internal_weight=0 221.936 188.842 12.7801 33.0943 46.8016 34.9024 29.6291 176.061 165.468 151.225 23.6478 21.889 10.5933 11.8992 13.3392 14.2426 18.0807 10.5829
internal_count=1099 885 764 45 121 214 156 129 719 670 619 91 102 49 58 67 51 67 42
is_linear=0
shrinkage=0.03


Tree=12
num_leaves=19
num_cat=0
split_feature=6 25 10 8 18 22 17 18 16 8 8 8 5 18 19 1 0 19
split_gain=12.8867 12.1461 15.0342 16.1399 25.1458 16.8532 15.49 11.1567 10.4107 7.80144 6.47559 14.2412 6.78181 5.94484 5.72516 4.47401 1.23502 0.0524243
threshold=0.029818663352718912 0.99999999999998301 0.0024231368794757906 -0.0081854529822647168 1.2538928564979466 -473.32937515396179 -0.0010719171208669594 -0.6407837197670152 0.0011443183850533996 -0.0092235091831397911 0.021916428014480339 0.046778117375450116 0.10466874583928344 -1.0771787489717541 0.00010819361599388548 1.9809974484087436 57.825849749596912 0.00018059071376657498
decision_type=2 2 2 2 2 2 2 2 2 2 2 2 2 2 2 2 2 2
left_child=-1 13 6 4 14 17 10 15 -7 -9 12 -12 -3 -2 -4 -8 -15 -5
right_child=1 2 3 5 -6 8 7 9 -10 -11 11 -13 -14 16 -16 -17 -18 -19
leaf_value=0.031563266243068842 -0.0046040269963438319 -0.0043620901485981268 0.05291111907158004 -0.049677663383866283 -0.03751018699527902 -0.015480698567943478 0.049158646811754712 0.035482676609511841 0.0059178644328458088 0.004440681157977449 0.033986359486758877 -0.017268792954032833 -0.037133099208794824 -0.052428595275149634 0.018142450478288327 0.016225879382691721 -0.030025809795288749 -0.054261974712805319
leaf_weight=10.561919480562208 5.7799055427312842 14.417909413576128 7.5697765350341859 4.9525891020894033 6.0958276838064185 67.167451545596123 10.685485586524011 8.6858632024377567 29.426926329731941 45.226667530834675 8.9282453805208224 10.756917119026182 9.3814946860074979 5.506409823894499 9.7555988952517492 5.6894105672836295 3.7047201693058014 4.1066260524094105
leaf_count=36 24 60 23 27 29 290 33 30 115 179 30 47 46 29 40 21 18 22
internal_value=0 -0.00224616 -0.000628392 -0.00763636 0.0148951 -0.0126311 0.00732217 0.016029 -0.00896175 0.00944187 -0.00675128 0.00597809 -0.0172801 -0.0284531 0.0333335 0.0377163 -0.0434182 -0.0517558
internal_weight=0 257.838 242.847 129.075 23.4212 105.654 113.772 70.2874 96.5944 53.9125 43.4846 19.6852 23.7994 14.991 17.3254 16.3749 9.21113 9.05922
internal_count=1099 1063 992 546 92 454 446 263 405 209 183 77 106 71 63 54 47 49
is_linear=0
shrinkage=0.03


Tree=13
num_leaves=18
num_cat=0
split_feature=6 19 8 8 18 4 6 21 22 6 11 5 11 19 0 9 9
split_gain=12.2244 10.0518 12.0824 23.8036 16.6333 18.0638 15.7178 14.7531 10.6332 9.84202 8.06728 7.69164 5.84659 3.42121 3.41761 3.10533 0.052013
threshold=0.036140696040128713 0.0011946123287305986 -0.0081854529822647168 0.011325434476764968 1.4309809315842068 0.21305206696807977 0.15108151613556123 344.48270179245634 -520.72176852403538 0.17748622550675783 0.60737371906446302 0.072585053507102051 1.2703999369711023 -8.1286978334932876e-05 59.058757911084847 21.390499447664165 42.737698713627545
decision_type=2 2 2 2 2 2 2 2 2 2 2 2 2 2 2 2 2
left_child=11 2 4 12 5 14 -7 8 -5 16 -9 13 15 -1 -2 -4 -3
right_child=1 9 3 7 -6 6 -8 10 -10 -11 -12 -13 -14 -15 -16 -17 -18
leaf_value=0.016843741123802776 0.053308332754492364 -0.046927312618462072 -0.054962558535235635 -0.029434184485646143 -0.045744614756809153 -0.014374927092075246 0.036112074097740761 -0.045998797272405738 0.0054149433674244123 0.0012250677925798319 -0.0090431480122708519 -0.0057956045262415861 -0.010153919945104293 0.047842360365866643 0.026563757570414747 -0.029675608237994477 -0.051777716782295966
leaf_weight=5.4760151952505121 9.6922776103019732 4.1616328060626966 7.9734988063573899 8.3850682824850065 4.0440547764301291 17.316884815692905 8.167239632457493 8.4373550862073916 130.81138284504414 6.1659540217369795 14.371789798140524 6.0805542021989814 7.9780053570866576 7.7242342829704294 7.7297630161046973 9.6733093466609699 3.8126454204320908
leaf_count=20 29 23 41 40 20 75 32 42 512 26 61 25 35 24 27 47 20
internal_value=0 -0.00267362 -0.00119292 -0.00459872 0.0124179 0.0178999 0.00180532 -0.000349036 0.00331566 -0.0272379 -0.0227135 0.0221226 -0.0314661 0.0349828 0.0414424 -0.0411012 -0.0492464
internal_weight=0 248.721 234.581 187.63 46.9502 42.9062 25.4841 162.006 139.196 14.1402 22.8091 19.2808 25.6248 13.2002 17.422 17.6468 7.97428
internal_count=1099 1030 961 778 183 163 107 655 552 69 103 69 123 44 56 88 43
is_linear=0
shrinkage=0.03


Tree=14
num_leaves=19
num_cat=0
split_feature=6 25 10 8 18 22 17 18 8 3 3 8 8 20 19 1 12 5
split_gain=11.8063 11.3415 14.1758 14.6844 22.6892 15.54 14.2069 10.5377 9.62665 7.54612 6.36833 6.00226 13.4153 7.42767 5.23906 4.19861 1.29543 0.0420584
threshold=0.029818663352718912 0.99999999999998301 0.0024231368794757906 -0.0081854529822647168 1.2538928564979466 -473.32937515396179 -0.0010719171208669594 -0.6407837197670152 0.10304190762539502 -7.0329332027454248 -3.4067480974082538 0.021916428014480339 0.046778117375450116 1.1585807891231257 0.00010819361599388548 1.9809974484087436 0.00012880332087594762 0.15079392842202455
decision_type=2 2 2 2 2 2 2 2 2 2 2 2 2 2 2 2 2 2
left_child=-1 10 6 4 14 17 11 15 -7 -9 -2 13 -13 -3 -4 -8 -12 -5
right_child=1 2 3 5 -6 8 7 9 -10 -11 16 12 -14 -15 -16 -17 -18 -19
leaf_value=0.030394022839016828 -0.0015795621342416784 -0.031987755712550359 0.050442753875538801 -0.052600324115193831 -0.035793121923412545 -0.0051091403566209418 0.047777848509193532 0.031890203687113254 -0.034018012001752841 0.0035662402753283131 -0.051581589561084322 0.033127844153509702 -0.016655663280076817 0.001703035278126315 0.017126778802173333 0.015819815105582023 -0.028967838569518491 -0.048370587607072947
leaf_weight=10.449929565191267 5.3985714465379724 12.81316924095154 7.5420728325843873 3.4397678971290571 6.059820979833602 84.704545959830284 10.616253301501276 10.523176670074461 11.812833994626997 43.296339491382241 5.6250200867652858 8.9129014164209384 10.744068920612333 10.899025842547415 9.7265094593167287 5.6791127771139136 3.833720326423645 5.4968104064464569
leaf_count=36 22 62 23 18 29 350 33 36 55 173 30 30 47 44 40 21 19 31
internal_value=0 -0.00213503 -0.000574733 -0.00738693 0.0141513 -0.0121516 0.00715579 0.0155039 -0.00864732 0.00910434 -0.0275776 -0.00634062 0.00591727 -0.0165022 0.0316776 0.0366401 -0.042416 -0.0499987
internal_weight=0 257.124 242.266 128.782 23.3284 105.454 113.484 70.1149 96.5174 53.8195 14.8573 43.3692 19.657 23.7122 17.2686 16.2954 9.45874 8.93658
internal_count=1099 1063 992 546 92 454 446 263 405 209 71 183 77 106 63 54 49 49
is_linear=0
shrinkage=0.03


Tree=15
num_leaves=14
num_cat=0
split_feature=23 26 8 22 10 5 14 9 9 7 8 7 4
split_gain=15.9855 10.5491 17.3432 11.0829 10.8295 8.60501 8.07272 7.87003 6.34097 5.18125 4.74764 4.4017 0.814234
threshold=0.99999999999995393 0.99999999999996969 -0.074562784157959375 -412.6508822835047 -0.15482615029441324 0.085615632730513688 0.0018220403513040664 40.602637022576467 32.365372446580253 0.5321821502279106 -0.046047532430299375 0.03599590310598863 0.043470671424115002
decision_type=2 2 2 2 2 2 2 2 2 2 2 2 2
left_child=5 10 -3 7 8 11 -6 9 -5 -4 -2 12 -1
right_child=1 2 3 4 6 -7 -8 -9 -10 -11 -12 -13 -14
leaf_value=0.049084131954193096 -0.050281208116480777 0.041164946470057071 -0.010297199849648376 0.026024921605191539 -0.0050837551907076412 -0.011400737599178822 0.016502600393837136 0.011637365038765373 -0.0043526327148656445 -0.033111281366206051 -0.0087306130033622878 0.01363086944043093 0.033867505300214908
leaf_weight=6.7752052545547539 5.7730699479579926 8.4009930193424207 17.157270357012749 20.946797322481874 140.2684427537024 5.4402672797441474 17.542007252573967 7.4683216810226432 8.7750844955444318 18.750346302986145 4.3321711421012861 8.0539588034152967 5.9392214417457581
leaf_count=21 31 27 75 79 580 23 65 29 36 98 19 30 20
internal_value=0 -0.00244388 -0.00117605 -0.00271652 0.000444416 0.0221858 -0.00268424 -0.0163825 0.0170563 -0.0222103 -0.0324682 0.0309838 0.0419761
internal_weight=0 249.415 239.309 230.908 187.532 26.2087 157.81 43.3759 29.7219 35.9076 10.1052 20.7684 12.7144
internal_count=1133 1039 989 962 760 94 645 202 115 173 50 71 41
is_linear=0
shrinkage=0.03


Tree=16
num_leaves=12
num_cat=0
split_feature=6 26 8 22 10 6 18 13 9 6 8
split_gain=16.4346 10.6682 15.5899 12.0649 14.3956 13.0392 9.23653 7.33857 7.06424 6.52093 4.56169
threshold=0.022165065572682979 0.99999999999996969 -0.074562784157959375 -412.6508822835047 -0.15482615029441324 0.10201530433827874 0.62015002245924677 0.00026292087211610143 33.54268811089397 0.066780139900481483 -0.046047532430299375
decision_type=2 2 2 2 2 2 2 2 2 2 2
left_child=-1 10 -3 5 9 7 -6 -4 -7 -5 -2
right_child=1 2 3 4 6 8 -8 -9 -10 -11 -12
leaf_value=0.042335184881008313 -0.049307717095144102 0.040100788433746981 0.016505338900218953 0.035202050717352489 0.0046797026914810911 -0.040116691963120496 -0.0092485016078041517 -0.025849499599263148 -0.0060108002081429648 0.0084358015404387837 -0.0084755205832729181
leaf_weight=7.9762310087680808 5.711365669965744 8.3657385855913144 12.392089158296587 13.835653603076933 88.893174838274717 17.722796775400642 82.732005521655083 5.2378695607185355 7.9030655436217776 20.081551559269428 4.3287346363067609
leaf_count=26 31 27 47 46 350 95 349 24 36 83 19
internal_value=0 -0.00136555 -0.000181121 -0.00153558 0.00149504 -0.0159365 -0.0020344 0.0039217 -0.0295984 0.0193544 -0.0317031
internal_weight=0 267.204 257.164 248.798 205.542 43.2558 171.625 17.63 25.6259 33.9172 10.0401
internal_count=1133 1107 1057 1030 828 202 699 71 131 129 50
is_linear=0
shrinkage=0.03


Tree=17
num_leaves=13
num_cat=0
split_feature=6 10 6 25 8 22 8 23 8 10 21 10
split_gain=15.6361 10.1388 13.2577 10.0462 12.8981 8.62314 8.12534 7.45532 10.7744 7.24965 3.94252 2.22043
threshold=0.022165065572682979 -0.15482615029441324 0.066780139900481483 0.99999999999997191 -0.074562784157959375 -849.82416517151876 -0.0081854529822647168 0.99999999999998823 0.0273329331904472 -0.20221231918289564 476.20946257215189 -0.21624528989922534
decision_type=2 2 2 2 2 2 2 2 2 2 2 2
left_child=-1 2 11 -3 -5 10 -7 -4 9 -9 -6 -2
right_child=1 3 7 4 5 6 -8 8 -10 -11 -12 -13
leaf_value=0.041530243462571809 0.024326177557437576 -0.038371857331292517 -0.034495183014048331 0.036285681341381236 -0.042368065217445815 0.012452094391054021 -0.0053143212773933681 0.0039937331193854227 0.032547526757004543 -0.037985600037157174 -0.0047292496196428679 0.047350758911536832
leaf_weight=7.8882337212562552 9.0576519966125471 7.4411159455776206 4.7334139049053183 7.2965895086526862 7.5104519538581354 26.968057818710804 164.40688379108906 14.859748600050807 9.3957173973321897 4.9310656636953398 3.7578228674829006 6.456774875521659
leaf_count=26 32 39 22 24 41 104 683 63 32 27 20 20
internal_value=0 -0.0013268 0.0109364 -0.00411556 -0.00290138 -0.00431239 -0.00281072 0.000429357 0.00609335 -0.00646581 -0.029816 0.0339085
internal_weight=0 266.815 49.4344 217.381 209.94 202.643 191.375 33.9199 29.1865 19.7908 11.2683 15.5144
internal_count=1133 1107 196 911 872 848 787 144 122 90 61 52
is_linear=0
shrinkage=0.03


Tree=18
num_leaves=14
num_cat=0
split_feature=23 25 8 13 2 8 11 8 0 22 8 11 11
split_gain=13.9249 10.7304 15.062 10.5185 9.81869 8.8507 19.8123 14.3401 6.30548 5.83824 4.09001 2.77898 0.484002
threshold=0.99999999999997169 0.99999999999998301 -0.074562784157959375 8.4356069211088971e-05 -75.321834282387655 -0.0081854529822647168 0.61535087414339762 0.011929909952505398 60.144216634925876 143.3494764637413 -0.044845316374988495 0.71155723124883041 1.0084664684183202
decision_type=2 2 2 2 2 2 2 2 2 2 2 2 2
left_child=3 10 -3 9 -4 6 -6 -7 -5 11 -2 -1 -13
right_child=1 2 4 8 5 7 -8 -9 -10 -11 -12 12 -14
leaf_value=0.020052047930755674 -0.048006348574850102 0.038315326515011683 -0.041877404487662521 -0.023709426651640369 0.03838525434373264 -0.025622295670195951 -0.0055329155481340037 -0.0011975548570894703 0.018063888998379025 0.0029003905530508634 -0.010793904176111355 0.038792874873905571 0.050625460995727942
leaf_weight=5.979957774281508 6.1607060730457306 8.2835897356271726 5.6654178649187079 7.1870440989732725 14.807905431836842 25.365001326426864 24.606593931093812 147.07523295283318 5.9398307800292969 6.0493815988302222 4.6756677329540235 5.9980560690164548 6.4642466604709625
leaf_count=22 34 27 30 32 54 122 105 600 22 24 21 20 20
internal_value=0 -0.00278849 -0.00138902 0.0168611 -0.00290104 -0.00185873 0.010967 -0.0047903 -0.00480726 0.0284747 -0.03195 0.0368636 0.0449305
internal_weight=0 236.64 225.804 37.6185 217.52 211.855 39.4145 172.44 13.1269 24.4916 10.8364 18.4423 12.4623
internal_count=1133 993 938 140 911 881 159 722 54 86 55 62 40
is_linear=0
shrinkage=0.03


Tree=19
num_leaves=17
num_cat=0
split_feature=23 25 9 22 21 7 17 5 19 23 7 10 25 25 3 7
split_gain=13.3506 8.82011 8.43484 13.076 14.4055 11.9439 15.4344 10.1858 6.29897 6.257 5.23244 6.56692 4.66084 10.5557 4.31674 2.39018
threshold=0.99999999999994105 0.99999999999998301 38.268069506575642 -412.6508822835047 344.48270179245634 0.84010173768515317 0.0009608177536483064 0.71020468627840549 0.00025874891917701987 0.99999999999998612 0.5321821502279106 -0.086992423866391347 0.99999999999997868 0.99999999999998879 5.8662194620455237 0.87795365788589175
decision_type=2 2 2 2 2 2 2 2 2 2 2 2 2 2 2 2
left_child=12 14 3 10 7 6 9 -5 -6 -4 11 -3 -1 -14 -2 -12
right_child=1 2 5 4 8 -7 -8 -9 -10 -11 15 -13 13 -15 -16 -17
leaf_value=0.043322747312041748 -0.010452642433984291 0.015480631071440321 -0.012095077130580709 0.0060473522049603922 -0.029628009350178446 0.039731174321490932 -0.042080263600677556 -0.023281763239925563 0.0099477828810298936 0.023888468687535743 -0.039280756244080027 -0.023296462653516436 -0.016265829195586889 0.043032212526767893 -0.046568708010724109 -0.016477428092274388
leaf_weight=7.2976410984993008 6.5165057182311994 6.5991023182868984 6.0832745283842149 137.57010240852833 18.325764447450641 10.440343432128428 5.6633854359388343 11.552010262385009 4.5103808324784032 15.256323784589766 11.50679334998131 9.7199246138334257 5.6085530519485483 5.2130359411239597 5.4859838038682938 6.4590631090104571
leaf_count=24 29 25 26 537 85 37 28 55 20 55 60 46 24 17 31 34
internal_value=0 -0.00185396 -0.000617379 -0.00299554 0.000377394 0.0124819 0.0019463 0.00377532 -0.0218114 0.0136306 -0.0199127 -0.00761575 0.0247944 0.0122996 -0.0269602 -0.0310825
internal_weight=0 255.689 243.686 206.243 171.958 37.4433 27.003 149.122 22.8361 21.3396 34.2849 16.319 18.1192 10.8216 12.0025 17.9659
internal_count=1133 1068 1008 862 697 146 109 592 105 81 165 71 65 41 60 94
is_linear=0
shrinkage=0.03


Tree=20
num_leaves=17
num_cat=0
split_feature=3 6 8 8 2 21 6 2 17 4 18 3 7 15 21 3
split_gain=13.804 10.4111 8.01562 24.5198 16.0039 14.9395 14.6461 12.5574 10.3885 10.2079 9.08285 6.12855 5.87105 3.31153 2.0613 1.13726
threshold=23.232853237422265 0.022165065572682979 -0.0081854529822647168 0.011325434476764968 -48.255519684032244 196.79109548356038 0.17475086403888085 -15.641889780682392 0.002097274774328558 0.054094182353313584 -0.0094356051257096871 47.967066440600419 0.74251264637497716 0.0019896637490454121 349.91182314000474 -4.3094033930431292
decision_type=2 2 2 2 2 2 2 2 2 2 2 2 2 2 2 2
left_child=1 -1 4 7 6 10 14 -4 -7 -6 -5 13 -11 -2 -3 -9
right_child=11 2 3 5 9 8 -8 15 -10 12 -12 -13 -14 -15 -16 -17
leaf_value=0.03626358700507492 -0.053154536708335191 -0.047553484793023265 -0.0028226085859328993 0.014031826784621658 -0.024345764578579291 -0.025939231724562979 0.01714746810638881 -0.03528350585593646 0.012955513708141997 0.019931320073441453 -0.0018438739699734303 0.0024174119923897233 0.050235748916658066 -0.022887911638680872 -0.019769430151209019 -0.053234439669269634
leaf_weight=7.2097391337156287 6.1844969280064124 6.29868893325329 8.7127339988946932 60.489990293979645 3.9042018204927436 26.148437082767487 8.0740861035883409 4.5020558089017859 8.0932490229606611 24.559305220842361 69.928663864731789 4.7986769005656233 7.5140612050890914 6.8647336363792419 3.8858223706483841 10.786880761384962
leaf_count=25 36 34 38 228 18 121 33 22 31 90 286 23 24 31 19 56
internal_value=0 0.00073661 -0.000317907 -0.00323991 0.00984635 0.000889268 -0.0130292 -0.0315676 -0.0167462 0.0214557 0.0055195 -0.0265719 0.027031 -0.0372323 -0.0369527 -0.0479485
internal_weight=0 250.108 242.898 188.662 54.2362 164.66 18.2586 24.0017 34.2417 35.9776 130.419 17.8479 32.0734 13.0492 10.1845 15.2889
internal_count=1115 1025 1000 782 218 666 86 116 152 132 514 90 114 67 53 78
is_linear=0
shrinkage=0.03


Tree=21
num_leaves=21
num_cat=0
split_feature=3 24 8 8 1 21 1 7 1 10 10 22 21 4 4 17 7 13 17 1
split_gain=13.0335 9.83006 9.29181 20.975 15.9187 13.0316 11.9021 10.9469 10.629 9.45632 9.18294 8.32537 7.67063 6.1641 10.7876 3.5438 3.3425 2.74821 2.52607 0.0354387
threshold=23.232853237422265 0.99999999999995393 -0.0081854529822647168 0.011325434476764968 -47.632364798842893 196.79109548356038 96.453610633485383 0.4041229712858927 -24.463067131629938 0.16494443733376027 0.26866131299025781 146.66945057737618 -9.9518202690132274 0.44184287578066911 0.71447139096428181 1.9258617958321586e-05 0.7545887482796001 0.00064199417037413841 0.00049507373921696635 23.263053944720017
decision_type=2 2 2 2 2 2 2 2 2 2 2 2 2 2 2 2 2 2 2 2
left_child=1 11 4 8 13 9 -7 12 -4 -5 18 15 -6 -3 -15 -1 -9 -10 -2 -20
right_child=10 2 3 5 7 6 -8 16 17 -11 -12 -13 -14 14 -16 -17 -18 -19 19 -21
leaf_value=0.038673943583866048 -0.019840704809069288 -0.038851345957416454 0.0014661999903489481 0.0081734071472103435 0.018270098420289052 -0.023700700401018935 0.031130860569509228 0.025192823267108273 -0.04943605252951621 -0.015323943312975933 -0.002593654124041203 -0.015560990804494527 -0.036210593378400782 0.033036290836128267 -0.020432549591728685 0.013014364548126958 0.049024692094288856 -0.020251850044665048 -0.052218931284473365 -0.056605072507779873
leaf_weight=11.106996387243276 2.4905811846256274 5.4180110991001156 6.6486680246889618 95.333196461200714 5.4034007489681244 29.125400513410568 4.0594961345195761 16.586622506380085 13.551147177815439 18.387475714087486 8.215295195579527 5.088863030076026 4.0837139338254911 5.2632673829793921 9.5721832364797574 8.5908119678497297 7.7814740985631934 3.6960612386465064 2.6471682339906693 4.4362466838210821
leaf_count=37 13 29 29 371 20 134 14 59 70 80 34 22 20 21 45 33 24 17 14 29
internal_value=0 0.00071548 -0.00126057 -0.00469263 0.0095732 -0.000452593 -0.0169932 0.0221589 -0.0307592 0.00437412 -0.0258621 0.0186458 -0.00518103 -0.0114648 -0.00146307 0.027483 0.0328031 -0.0431819 -0.0458284 -0.0549659
internal_weight=0 249.697 224.91 170.801 54.1087 146.906 33.1849 33.8552 23.8959 113.721 17.7893 24.7867 9.48711 20.2535 14.8355 19.6978 24.3681 17.2472 9.574 7.08341
internal_count=1115 1025 933 715 218 599 148 123 116 451 90 92 40 95 66 70 83 87 56 43
is_linear=0
shrinkage=0.03


Tree=22
num_leaves=18
num_cat=0
split_feature=3 7 10 10 19 10 4 15 10 23 7 0 4 17 17 7 1
split_gain=12.3027 9.56749 8.72128 7.12184 12.009 17.4869 14.8025 10.5673 9.71639 8.68503 8.0509 9.37894 7.50936 7.16101 2.40023 2.00824 0.0297178
threshold=23.232853237422265 0.0031595655472587154 0.26866131299025781 -0.14665489394452833 -0.00054905189003665023 0.13690256924211805 0.18605329975883944 0.00086610515753082773 0.19568016769433103 0.99999999999998124 0.73377285988241348 26.598224135253904 0.41931136357992232 0.00049507373921696635 0.00049507373921696635 0.2413592233009709 23.263053944720017
decision_type=2 2 2 2 2 2 2 2 2 2 2 2 2 2 2 2 2
left_child=1 -1 14 9 5 7 -7 -5 12 15 11 -11 -6 -10 -2 -3 -16
right_child=2 3 -4 4 8 6 -8 -9 13 10 -12 -13 -14 -15 16 -17 -18
leaf_value=0.034700508516950848 -0.019327113533348979 0.016738234713784994 -0.002516151042409633 0.025150346830445022 -0.014665814272527014 0.0078956358053110555 -0.040051806705255426 -0.012707305705817884 0.03855849913783635 -0.042274464766820896 0.023853754245650866 0.0021451281716423766 0.006824836286636965 -0.0062104306334432478 -0.051117065485484579 0.038114820979696748 -0.055148201611188948
leaf_weight=7.2304089814424506 2.4802207201719302 7.4420807361602774 8.2143092751502973 36.389647573232651 94.172513216733932 12.812190502882006 10.580408126115797 8.1158414185047132 6.4417919069528562 5.5845453888177898 9.9681251198053342 18.286493480205536 17.325653873383999 6.4206895679235458 2.6234582960605621 8.4421656578779203 4.4171142764389515
leaf_count=25 13 28 34 129 417 50 52 35 22 28 36 74 74 27 14 28 29
internal_value=0 0.000695289 -0.025165 -0.000320785 -0.00293814 0.00720901 -0.0137909 0.0182468 -0.00847825 0.00979939 0.00120926 -0.00824668 -0.0113264 0.0162108 -0.0447058 0.0280995 -0.0536461
internal_weight=0 249.213 17.7351 241.982 192.259 67.8981 23.3926 44.5055 124.361 49.7234 33.8392 23.871 111.498 12.8625 9.52079 15.8842 7.04057
internal_count=1115 1025 90 1000 806 266 102 164 540 194 138 102 491 49 56 56 43
is_linear=0
shrinkage=0.03


Tree=23
num_leaves=22
num_cat=0
split_feature=6 21 4 10 8 21 19 15 10 16 19 6 10 0 0 4 15 19 25 19 22
split_gain=10.9192 8.20308 14.2553 9.48944 8.57345 6.91243 11.0209 12.3986 12.1175 11.0807 10.6416 9.70321 8.66427 8.03805 6.85447 4.16171 3.89733 3.24294 3.20687 2.71287 0.562311
threshold=0.017571886128337964 315.52515977912259 0.18194124520999591 0.26528451926888125 0.015081049634717363 -782.43870406457688 -0.00060947135030962798 0.00086610515753082773 0.18119442076040199 0.0011310826450077556 -5.5240062111462722e-05 0.036140696040128713 0.089445051731994171 36.535548108973025 35.003385379507051 0.41931136357992232 -0.0002969947262340677 0.00069285824753666258 0.999999999999999 -0.00030815457463577992 -346.31644085104136
decision_type=2 2 2 2 2 2 2 2 2 2 2 2 2 2 2 2 2 2 2 2 2
left_child=-1 5 3 19 14 12 7 8 -7 -9 13 -12 16 -8 18 -6 -2 -16 -4 -3 -21
right_child=1 2 4 -5 15 6 10 9 -10 -11 11 -13 -14 -15 17 -17 -18 -19 -20 20 -22
leaf_value=0.039976554092268003 -0.01759394671038015 -0.021980716869332874 0.010176249527625025 0.0074980406271560147 -0.032582081337617717 0.029117462025792094 0.010322995040036666 -0.047434726177348327 -0.022386530348851581 0.010865341949843002 0.035675147262513848 0.0010789877492130399 -0.048026896219443886 -0.019862952359914914 0.043127215400308075 0.0050756406888768854 0.01637593063781562 0.010732838663668635 -0.024983135443201635 -0.039077506474578742 -0.053023091911305678
leaf_weight=5.7287773340940467 7.0720860473811635 4.6670803725719514 4.7945149391889572 4.5034923553466788 7.9157770276069623 33.80053023993969 10.093183875083922 4.7827717512845975 4.6805699765682212 7.5906918197870255 8.0016483366489393 82.769845832139254 5.5726453214883795 37.204431220889091 5.9087698720395547 3.9638323485851288 5.3309055715799341 5.2546264287084341 4.5508538186550158 3.7231793850660351 8.6431977599859184
leaf_count=20 34 21 19 18 39 117 39 24 21 29 27 342 28 167 22 16 20 25 22 20 45
internal_value=0 -0.00189344 -0.0123147 -0.0312301 0.000263302 0.000822697 0.00251413 0.0144532 0.0228529 -0.0116697 -0.00188333 0.00412869 -0.0169543 -0.0134214 0.0120105 -0.0200169 -0.00299342 0.0278791 -0.00694509 -0.0414694 -0.0488245
internal_weight=0 260.825 53.9253 21.5369 32.3884 206.899 188.924 50.8546 38.4811 12.3735 138.069 90.7715 17.9756 47.2976 20.5088 11.8796 12.403 11.1634 9.34537 17.0335 12.3664
internal_count=1115 1095 247 104 143 848 766 191 138 53 575 369 82 206 88 55 54 47 41 86 65
is_linear=0
shrinkage=0.03


Tree=24
num_leaves=19
num_cat=0
split_feature=3 6 10 8 8 1 21 1 7 1 6 10 21 9 16 14 17 1
split_gain=11.3347 9.09798 8.15626 6.9418 21.4111 14.8557 12.4 10.646 10.271 9.87731 9.73664 8.68389 7.002 5.01877 3.78709 2.78716 2.2145 0.0260011
threshold=23.232853237422265 0.022165065572682979 0.26866131299025781 -0.0081854529822647168 0.011325434476764968 -47.632364798842893 196.79109548356038 96.453610633485383 0.4041229712858927 -24.463067131629938 0.17475086403888085 1.0000000180025095e-35 -9.9518202690132274 26.093489424883504 0.00056499805093320496 0.0008084307710870543 0.00049507373921696635 23.263053944720017
decision_type=2 2 2 2 2 2 2 2 2 2 2 2 2 2 2 2 2 2
left_child=1 -1 16 5 9 10 11 -8 12 -5 13 -6 -7 -3 -10 -11 -2 -18
right_child=2 3 -4 4 6 8 7 -9 14 15 -12 -13 -14 -15 -16 -17 17 -19
leaf_value=0.034528274583524476 -0.018799472151798786 -0.0039676895031828426 -0.0023508606085358777 0.0013938493216342526 0.0126123442597866 0.017301981682732479 -0.021473815690134231 0.030322573537721286 0.040485933961164601 -0.048066574951333527 0.015183422753517169 -0.0029024356106300019 -0.034879442067402441 -0.043057351185400466 0.015683276959861863 -0.018521341791181152 -0.04951441756352444 -0.053310143499889079
leaf_weight=6.948614999651908 2.4621765017509478 4.87326428294182 8.2115847021341306 6.636497154831889 66.686189368367195 5.3771718889474869 29.93312756717205 4.0551492273807517 15.686541289091112 13.413243889808657 7.7563492432236663 63.278223097324371 4.0631989389657956 7.5140099823474884 8.566098138689993 3.6571163684129706 2.5819012224674225 4.3788614682853222
leaf_count=25 13 22 34 29 253 20 138 14 51 70 33 261 20 40 32 17 14 29
internal_value=0 0.000684032 -0.0242065 -0.000289775 -0.00301408 0.0092064 0.00083922 -0.015294 0.0213915 -0.0296629 -0.0111748 0.00505837 -0.00515725 -0.0276791 0.0317256 -0.0417369 -0.0432526 -0.0519022
internal_weight=0 248.445 17.6345 241.496 187.66 53.8366 163.953 33.9883 33.693 23.7069 20.1436 129.964 9.44037 12.3873 24.2526 17.0704 9.42294 6.96076
internal_count=1115 1025 90 1000 782 218 666 152 123 116 95 514 40 62 83 87 56 43
is_linear=0
shrinkage=0.03


Tree=25
num_leaves=20
num_cat=0
split_feature=21 23 10 14 16 16 22 11 8 8 7 5 13 13 16 16 7 7 13
split_gain=7.96073 10.0133 7.50771 11.636 6.54684 17.5363 15.285 9.53021 7.66667 9.23765 9.00424 6.50042 6.85043 6.66699 5.5717 6.69863 3.83015 9.56295 0.912009
threshold=282.72031220556721 0.99999999999999523 -0.27956653898554307 -0.0026404707111279398 0.000252861266313308 0.0011443183850533996 880.82770039129116 0.77793351006266664 0.011325434476764968 -0.0081854529822647168 0.74696882794680619 0.47543682547978033 0.00056371603434057793 0.00035775664743775698 -0.0011002148711540705 0.00018978438232645091 0.44879204234450765 0.34645262929161241 -0.0002003094090770596
decision_type=2 2 2 2 2 2 2 2 2 2 2 2 2 2 2 2 2 2 2
left_child=2 16 -1 -4 8 7 -7 -6 9 -5 -10 13 -13 14 -3 -16 17 -2 -18
right_child=1 11 3 4 5 6 -8 -9 10 -11 -12 12 -14 -15 15 -17 18 -19 -20
leaf_value=0.028213406998796868 -0.044909329279610714 0.019531038573665463 -0.036906730093010903 0.0069779212706175524 -0.0037013582045404515 0.026815078886255707 -0.020047712984822129 -0.032016650140497052 0.016515283651412041 -0.026625581351709691 -0.0099778786127401632 0.0037587042355621773 -0.040709132780806671 0.029228769183745541 -0.036917623522548154 0.010110654847205493 -0.033179588780499362 0.0093738205241331238 -0.053625514250047308
leaf_weight=10.210339918732641 5.4899134486913699 6.3561263270676163 6.7403585463762274 20.848506674170494 24.538463037461042 22.092585742473606 8.7429420407861453 18.967061758041382 72.073697447776794 11.382337996736167 13.74810643494129 6.2627712544053775 6.2092367559671402 8.7904496714472753 6.0542148910462874 4.9584273174405098 4.0505979806184769 6.2415128648281097 3.8106728047132483
leaf_count=36 28 25 33 85 104 79 40 90 269 56 59 28 31 33 32 22 20 25 20
internal_value=0 -0.00941742 0.00312362 0.00183718 0.00319454 -0.00377919 0.0135279 -0.0160459 0.00758609 -0.00488917 0.0122712 -0.000557353 -0.0183798 0.0079399 -0.00283454 -0.0157432 -0.026887 -0.0160289 -0.0430905
internal_weight=0 58.2239 209.344 199.134 192.394 74.3411 30.8355 43.5055 118.053 32.2308 85.8218 38.6312 12.472 26.1592 17.3688 11.0126 19.5927 11.7314 7.86127
internal_count=1115 264 851 815 782 313 119 194 469 141 328 171 59 112 79 54 93 53 40
is_linear=0
shrinkage=0.03


end of trees

feature_importances:
trend_regime_slope=50
cmf_20=38
fft_imag=30
atr_pct_14=29
ma30_ratio=25
bb_pct_upper=22
volatility_regime=22
macd_hist_ratio=22
adx_14=19
macd_hist=18
fft_real=18
corr_btc_eth_20=16
bb_pct_lower=13
return_5=13
corr_btc_eth_100=13
macd_line=12
return_2=12
ma10_ratio=11
return_3=10
bb_zscore=10
rsi_14=9
macd_signal=9
volume_sma_ratio=8
corr_btc_sol_20=6
corr_btc_sol_100=4
volume_ratio=3
return_1=2

parameters:
[boosting: gbdt]
[objective: binary]
[metric: binary_logloss]
[tree_learner: serial]
[device_type: cpu]
[data_sample_strategy: bagging]
[data: ]
[valid: ]
[num_iterations: 100]
[learning_rate: 0.03]
[num_leaves: 31]
[num_threads: 0]
[seed: 42]
[deterministic: 0]
[force_col_wise: 0]
[force_row_wise: 0]
[histogram_pool_size: -1]
[max_depth: 6]
[min_data_in_leaf: 20]
[min_sum_hessian_in_leaf: 0.001]
[bagging_fraction: 0.8]
[pos_bagging_fraction: 1]
[neg_bagging_fraction: 1]
[bagging_freq: 5]
[bagging_seed: 400]
[feature_fraction: 0.8]
[feature_fraction_bynode: 1]
[feature_fraction_seed: 30056]
[extra_trees: 0]
[extra_seed: 12879]
[early_stopping_round: 0]
[first_metric_only: 0]
[max_delta_step: 0]
[lambda_l1: 0]
[lambda_l2: 0]
[linear_lambda: 0]
[min_gain_to_split: 0]
[drop_rate: 0.1]
[max_drop: 50]
[skip_drop: 0.5]
[xgboost_dart_mode: 0]
[uniform_drop: 0]
[drop_seed: 17869]
[top_rate: 0.2]
[other_rate: 0.1]
[min_data_per_group: 100]
[max_cat_threshold: 32]
[cat_l2: 10]
[cat_smooth: 10]
[max_cat_to_onehot: 4]
[top_k: 20]
[monotone_constraints: ]
[monotone_constraints_method: basic]
[monotone_penalty: 0]
[feature_contri: ]
[forcedsplits_filename: ]
[refit_decay_rate: 0.9]
[cegb_tradeoff: 1]
[cegb_penalty_split: 0]
[cegb_penalty_feature_lazy: ]
[cegb_penalty_feature_coupled: ]
[path_smooth: 0]
[interaction_constraints: ]
[verbosity: -1]
[saved_feature_importance_type: 0]
[use_quantized_grad: 0]
[num_grad_quant_bins: 4]
[quant_train_renew_leaf: 0]
[stochastic_rounding: 1]
[linear_tree: 0]
[max_bin: 255]
[max_bin_by_feature: ]
[min_data_in_bin: 3]
[bin_construct_sample_cnt: 200000]
[data_random_seed: 175]
[is_enable_sparse: 1]
[enable_bundle: 1]
[use_missing: 1]
[zero_as_missing: 0]
[feature_pre_filter: 1]
[pre_partition: 0]
[two_round: 0]
[header: 0]
[label_column: ]
[weight_column: ]
[group_column: ]
[ignore_column: ]
[categorical_feature: ]
[forcedbins_filename: ]
[precise_float_parser: 0]
[parser_config_file: ]
[objective_seed: 16083]
[num_class: 1]
[is_unbalance: 0]
[scale_pos_weight: 1]
[sigmoid: 1]
[boost_from_average: 1]
[reg_sqrt: 0]
[alpha: 0.9]
[fair_c: 1]
[poisson_max_delta_step: 0.7]
[tweedie_variance_power: 1.5]
[lambdarank_truncation_level: 30]
[lambdarank_norm: 1]
[label_gain: ]
[lambdarank_position_bias_regularization: 0]
[eval_at: ]
[multi_error_top_k: 1]
[auc_mu_weights: ]
[num_machines: 1]
[local_listen_port: 12400]
[time_out: 120]
[machine_list_filename: ]
[machines: ]
[gpu_platform_id: -1]
[gpu_device_id: -1]
[gpu_use_dp: 0]
[num_gpu: 1]

end of parameters

pandas_categorical:[]
